166
XX
-----------------------------------------------------------------------------
PRES   HGHT   TEMP   QVIN   RELH  DWPT   USPD  VSPD     MIXR   DRCT   SKNT   THTA   THTE   THTV
    hPa     m      C   kg/kg   %    C     m/s    m/s       g/kg    deg   knot     K      K      K
-----------------------------------------------------------------------------
  1011.3      50   -8.3  0.001989   80.0   -11.1     0.0     0.0
  1007.4      80   -8.6  0.001956   79.4   -11.5     0.0     0.0
  1003.5     110   -8.8  0.001919   80.7   -11.6     0.0     0.0
  999.6     140   -9.1  0.001885   81.4   -11.7     0.0     0.0
  995.7     170   -9.5  0.001842   81.6   -12.0     0.0     0.0
  991.8     200   -9.8  0.001800   83.9   -12.0     0.0     0.0
  988.0     230   -10.1  0.001772   84.3   -12.2     0.0     0.0
  984.2     260   -10.3  0.001741   85.1   -12.3     0.0     0.0
  980.3     290   -10.5  0.001727   86.0   -12.4     0.0     0.0
  976.5     320   -10.7  0.001698   87.9   -12.4     0.0     0.0
  972.7     350   -11.1  0.001663   89.2   -12.5     0.0     0.0
  968.9     380   -11.2  0.001646   90.3   -12.5     0.0     0.0
  965.1     410   -10.7  0.001722   91.2   -11.9     0.0     0.0
  961.4     440   -8.3  0.002083   91.7   -9.5     0.0     0.0
  957.7     470   -6.1  0.002480   90.8   -7.4     0.0     0.0
  954.1     500   -3.3  0.003091   87.2   -5.1     0.0     0.0
  950.5     530   -1.4  0.003564   83.9   -3.8     0.0     0.0
  946.9     560   -0.9  0.003712   80.6   -3.8     0.0     0.0
  943.3     590   -0.8  0.003746   81.0   -3.7     0.0     0.0
  939.8     620    0.0  0.004000   82.5   -2.6     0.0     0.0
  936.3     650    0.7  0.004225   82.9   -1.8     0.0     0.0
  932.8     680    2.2  0.004713   85.4    0.0     0.0     0.0
  929.4     710    2.9  0.004986   86.8    1.0     0.0     0.0
  925.9     740    2.9  0.004994   84.8    0.6     0.0     0.0
  922.5     770    3.0  0.005044   87.1    1.1     0.0     0.0
  919.1     800    3.4  0.005205   84.9    1.1     0.0     0.0
  915.7     830    3.6  0.005300   85.1    1.3     0.0     0.0
  912.3     860    3.7  0.005354   83.6    1.2     0.0     0.0
  909.0     890    3.7  0.005375   84.8    1.4     0.0     0.0
  905.6     920    3.5  0.005341   85.9    1.4     0.0     0.0
  902.3     950    3.3  0.005260   87.3    1.4     0.0     0.0
  899.0     980    3.0  0.005167   89.4    1.4     0.0     0.0
  895.6    1010    2.9  0.005154   90.0    1.4     0.0     0.0
  892.3    1040    3.4  0.005369   93.3    2.4     0.0     0.0
  889.0    1070    3.9  0.005584   95.2    3.2     0.0     0.0
  885.8    1100    4.1  0.005696   97.9    3.8     0.0     0.0
  882.5    1130    4.6  0.005915   98.3    4.4     0.0     0.0
  879.3    1160    4.7  0.005960   98.2    4.4     0.0     0.0
  876.1    1190    4.5  0.005888   97.9    4.2     0.0     0.0
  872.8    1220    4.6  0.005967   95.3    3.9     0.0     0.0
  869.6    1250    4.6  0.005986   94.0    3.7     0.0     0.0
  866.4    1280    4.3  0.005882   95.4    3.6     0.0     0.0
  863.3    1310    4.1  0.005815   95.1    3.4     0.0     0.0
  860.1    1340    3.8  0.005743   96.5    3.3     0.0     0.0
  856.9    1370    3.6  0.005654   97.0    3.1     0.0     0.0
  853.8    1400    3.4  0.005606   97.0    3.0     0.0     0.0
  850.6    1430    3.4  0.005610   97.0    2.9     0.0     0.0
  847.5    1460    3.2  0.005582   96.7    2.8     0.0     0.0
  844.4    1490    3.1  0.005545   96.6    2.6     0.0     0.0
  841.2    1520    2.8  0.005462   97.7    2.5     0.0     0.0
  838.1    1550    2.9  0.005507   95.5    2.2     0.0     0.0
  835.0    1580    2.6  0.005428   96.0    2.1     0.0     0.0
  831.9    1610    2.4  0.005354   95.7    1.8     0.0     0.0
  828.8    1640    2.1  0.005280   96.1    1.6     0.0     0.0
  825.8    1670    2.0  0.005238   96.3    1.4     0.0     0.0
  822.7    1700    1.7  0.005157   95.9    1.1     0.0     0.0
  819.7    1730    1.4  0.005061   96.4    0.9     0.0     0.0
  816.6    1760    1.1  0.004977   96.5    0.6     0.0     0.0
  813.6    1790    0.8  0.004893   97.2    0.4     0.0     0.0
  810.5    1820    0.6  0.004842   97.9    0.3     0.0     0.0
  807.5    1850    0.5  0.004801   98.1    0.2     0.0     0.0
  804.5    1880    0.4  0.004809   98.6    0.2     0.0     0.0
  801.5    1910    0.3  0.004789   98.9    0.2     0.0     0.0
  798.5    1940    0.2  0.004776   98.9    0.1     0.0     0.0
  795.5    1970    0.2  0.004771   98.7   -0.0     0.0     0.0
  792.6    2000    0.0  0.004735   98.6   -0.2     0.0     0.0
  789.6    2030   -0.1  0.004702   98.9   -0.3     0.0     0.0
  786.7    2060   -0.3  0.004666   99.1   -0.4     0.0     0.0
  783.7    2090   -0.5  0.004614   99.2   -0.6     0.0     0.0
  780.8    2120   -0.7  0.004602   99.6   -0.7     0.0     0.0
  777.9    2150   -0.7  0.004599   99.4   -0.8     0.0     0.0
  775.0    2180   -0.7  0.004615   99.2   -0.8     0.0     0.0
  772.1    2210   -0.9  0.004565   99.4   -1.0     0.0     0.0
  769.2    2240   -0.9  0.004564   99.2   -1.0     0.0     0.0
  766.3    2270   -0.9  0.004617   99.5   -0.9     0.0     0.0
  763.4    2300   -0.9  0.004621   99.5   -1.0     0.0     0.0
  760.5    2330   -0.9  0.004638   99.4   -1.0     0.0     0.0
  757.7    2360   -1.1  0.004571   99.0   -1.2     0.0     0.0
  754.8    2390   -1.2  0.004564   99.3   -1.3     0.0     0.0
  752.0    2420   -1.3  0.004557   99.8   -1.4     0.0     0.0
  749.2    2450   -1.5  0.004540   99.9   -1.5     0.0     0.0
  746.4    2480   -1.6  0.004523   100.0   -1.6     0.0     0.0
  743.6    2510   -1.7  0.004503   100.0   -1.7     0.0     0.0
  740.8    2540   -1.8  0.004469   100.0   -1.8     0.0     0.0
  738.0    2570   -1.9  0.004465   100.0   -1.9     0.0     0.0
  735.2    2600   -2.1  0.004422   100.0   -2.1     0.0     0.0
  732.4    2630   -2.3  0.004381   100.0   -2.3     0.0     0.0
  729.7    2660   -2.4  0.004343   99.7   -2.4     0.0     0.0
  726.9    2690   -2.5  0.004291   98.6   -2.7     0.0     0.0
  724.2    2720   -2.7  0.004260   97.8   -3.0     0.0     0.0
  721.5    2750   -2.8  0.004231   96.4   -3.3     0.0     0.0
  718.7    2780   -3.0  0.004184   97.5   -3.3     0.0     0.0
  716.0    2810   -3.2  0.004145   97.5   -3.5     0.0     0.0
  713.3    2840   -3.3  0.004128   97.8   -3.6     0.0     0.0
  710.6    2870   -3.4  0.004096   97.5   -3.8     0.0     0.0
  707.9    2900   -3.6  0.004057   97.8   -3.9     0.0     0.0
  705.2    2930   -3.8  0.004028   97.8   -4.1     0.0     0.0
  702.6    2960   -3.9  0.004002   98.2   -4.2     0.0     0.0
  699.9    2990   -4.0  0.003977   97.3   -4.4     0.0     0.0
  697.3    3020   -4.2  0.003945   97.0   -4.6     0.0     0.0
  694.6    3050   -4.4  0.003906   97.8   -4.7     0.0     0.0
  692.0    3080   -4.6  0.003863   97.4   -4.9     0.0     0.0
  689.3    3110   -4.8  0.003820   96.9   -5.2     0.0     0.0
  686.7    3140   -4.9  0.003786   97.1   -5.3     0.0     0.0
  684.1    3170   -5.1  0.003752   97.5   -5.5     0.0     0.0
  681.5    3200   -5.3  0.003703   96.2   -5.9     0.0     0.0
  678.9    3230   -5.7  0.003628   95.0   -6.3     0.0     0.0
  676.3    3260   -5.9  0.003579   94.6   -6.6     0.0     0.0
  673.7    3290   -6.1  0.003526   94.0   -6.9     0.0     0.0
  671.1    3320   -6.3  0.003490   94.2   -7.1     0.0     0.0
  668.6    3350   -6.4  0.003483   93.9   -7.2     0.0     0.0
  666.0    3380   -6.6  0.003453   94.8   -7.3     0.0     0.0
  663.5    3410   -6.8  0.003408   93.5   -7.7     0.0     0.0
  660.9    3440   -6.8  0.003416   92.4   -7.8     0.0     0.0
  658.4    3470   -7.0  0.003388   92.7   -7.9     0.0     0.0
  655.9    3500   -7.1  0.003352   90.6   -8.4     0.0     0.0
  653.3    3530   -7.3  0.003327   92.9   -8.2     0.0     0.0
  650.8    3560   -7.5  0.003291   92.5   -8.5     0.0     0.0
  648.3    3590   -7.6  0.003279   92.3   -8.6     0.0     0.0
  645.8    3620   -7.7  0.003267   92.6   -8.7     0.0     0.0
  643.4    3650   -7.8  0.003250   92.7   -8.8     0.0     0.0
  640.9    3680   -8.0  0.003218   92.6   -9.0     0.0     0.0
  638.4    3710   -8.1  0.003196   91.5   -9.2     0.0     0.0
  636.0    3740   -8.3  0.003171   92.4   -9.3     0.0     0.0
  633.5    3770   -8.4  0.003144   93.1   -9.3     0.0     0.0
  631.1    3800   -8.6  0.003119   92.6   -9.6     0.0     0.0
  628.6    3830   -8.7  0.003095   93.4   -9.6     0.0     0.0
  626.2    3860   -8.8  0.003076   92.4   -9.9     0.0     0.0
  623.8    3890   -9.0  0.003060   92.5   -10.0     0.0     0.0
  621.4    3920   -9.1  0.003033   93.2   -10.0     0.0     0.0
  619.0    3950   -9.3  0.003008   93.5   -10.1     0.0     0.0
  616.6    3980   -9.4  0.002989   92.2   -10.4     0.0     0.0
  614.2    4010   -9.6  0.002959   92.8   -10.5     0.0     0.0
  611.8    4040   -9.8  0.002933   92.3   -10.8     0.0     0.0
  609.4    4070   -9.9  0.002913   92.7   -10.8     0.0     0.0
  607.1    4100   -10.1  0.002886   92.3   -11.1     0.0     0.0
  604.7    4130   -10.2  0.002864   92.0   -11.2     0.0     0.0
  602.3    4160   -10.4  0.002838   92.1   -11.4     0.0     0.0
  600.0    4190   -10.5  0.002828   92.2   -11.5     0.0     0.0
  597.7    4220   -10.6  0.002808   91.6   -11.7     0.0     0.0
  595.3    4250   -10.8  0.002771   93.0   -11.7     0.0     0.0
  593.0    4280   -11.0  0.002741   92.3   -12.0     0.0     0.0
  590.7    4310   -11.2  0.002715   93.0   -12.1     0.0     0.0
  588.4    4340   -11.3  0.002688   90.4   -12.6     0.0     0.0
  586.1    4370   -11.5  0.002659   91.3   -12.7     0.0     0.0
  583.8    4400   -11.8  0.002621   91.9   -12.8     0.0     0.0
  581.5    4430   -11.9  0.002604   91.5   -13.0     0.0     0.0
  579.3    4460   -12.1  0.002581   91.2   -13.2     0.0     0.0
  577.0    4490   -12.2  0.002552   90.4   -13.5     0.0     0.0
  576.5    4520   -12.3  0.002552   91.6   -13.4     0.0     0.0
  576.5    4550   -12.3  0.002562   91.6   -13.4     0.0     0.0
  576.5    4580   -12.3  0.002572   91.6   -13.4     0.0     0.0
  576.5    4610   -12.3  0.002582   91.6   -13.4     0.0     0.0
  576.5    4640   -12.3  0.002593   91.6   -13.4     0.0     0.0
  576.5    4670   -12.3  0.002603   91.6   -13.4     0.0     0.0
  576.5    4700   -12.3  0.002613   91.6   -13.4     0.0     0.0
  576.5    4730   -12.3  0.002624   91.6   -13.4     0.0     0.0
  576.5    4760   -12.3  0.002634   91.6   -13.4     0.0     0.0
  576.5    4790   -12.3  0.002644   91.6   -13.4     0.0     0.0
  576.5    4820   -12.3  0.002655   91.6   -13.4     0.0     0.0
  576.5    4850   -12.3  0.002666   91.6   -13.4     0.0     0.0
  576.5    4880   -12.3  0.002676   91.6   -13.4     0.0     0.0
  576.5    4910   -12.3  0.002687   91.6   -13.4     0.0     0.0
  576.5    4940   -12.3  0.002698   91.6   -13.4     0.0     0.0
  576.5    4970   -12.3  0.002708   91.6   -13.4     0.0     0.0
  576.5    5000   -12.3  0.002719   91.6   -13.4     0.0     0.0
