  0.16666666666666666        0.0000000000000000        0.0000000000000000        0.0000000000000000        2.6800000000015700E-004
  0.33333333333333331        0.0000000000000000        0.0000000000000000        0.0000000000000000        3.2299999999985118E-004
  0.50000000000000000        0.0000000000000000        0.0000000000000000        0.0000000000000000        3.6500000000039279E-004
  0.66666666666666663        0.0000000000000000        0.0000000000000000        0.0000000000000000        4.0499999999887848E-004
  0.83333333333333337        0.0000000000000000        0.0000000000000000        0.0000000000000000        4.4499999999736417E-004
   1.0000000000000000        0.0000000000000000        0.0000000000000000        0.0000000000000000        4.8299999999734666E-004
   1.1666666666666667        0.0000000000000000        0.0000000000000000        0.0000000000000000        5.2899999999844738E-004
   1.3333333333333333        0.0000000000000000        0.0000000000000000        0.0000000000000000        5.7099999999721263E-004
   1.5000000000000000        0.0000000000000000        0.0000000000000000        0.0000000000000000        6.1099999999747467E-004
   1.6666666666666667        0.0000000000000000        0.0000000000000000        0.0000000000000000        6.5199999999698832E-004
   1.8333333333333333        0.0000000000000000        0.0000000000000000        0.0000000000000000        6.9099999999622241E-004
   2.0000000000000000        0.0000000000000000        0.0000000000000000        0.0000000000000000        7.2999999999545651E-004
   2.1666666666666665        0.0000000000000000        0.0000000000000000        0.0000000000000000        7.7099999999497015E-004
   2.3333333333333335        0.0000000000000000        0.0000000000000000        0.0000000000000000        8.0999999999420425E-004
   2.5000000000000000        0.0000000000000000        0.0000000000000000        0.0000000000000000        8.4799999999418674E-004
   2.6666666666666665        0.0000000000000000        0.0000000000000000        0.0000000000000000        8.8699999999342083E-004
   2.8333333333333335        0.0000000000000000        0.0000000000000000        0.0000000000000000        9.2499999999340332E-004
   3.0000000000000000        0.0000000000000000        0.0000000000000000        0.0000000000000000        9.6399999999263741E-004
   3.1666666666666665        0.0000000000000000        0.0000000000000000        0.0000000000000000        1.0039999999928995E-003
   3.3333333333333335        0.0000000000000000        0.0000000000000000        0.0000000000000000        1.0429999999921336E-003
   3.5000000000000000        0.0000000000000000        0.0000000000000000        0.0000000000000000        1.0809999999921160E-003
   3.6666666666666665        0.0000000000000000        0.0000000000000000        0.0000000000000000        1.1189999999920985E-003
   3.8333333333333335        0.0000000000000000        0.0000000000000000        0.0000000000000000        1.1579999999913326E-003
   4.0000000000000000        0.0000000000000000        0.0000000000000000        0.0000000000000000        1.1959999999913151E-003
   4.1666666666666670        0.0000000000000000        0.0000000000000000        0.0000000000000000        1.2369999999908288E-003
   4.3333333333333330        0.0000000000000000        0.0000000000000000        0.0000000000000000        1.2749999999908113E-003
   4.5000000000000000        0.0000000000000000        0.0000000000000000        0.0000000000000000        1.3139999999918217E-003
   4.6666666666666670        0.0000000000000000        0.0000000000000000        0.0000000000000000        1.3519999999918042E-003
   4.8333333333333330        0.0000000000000000        0.0000000000000000        0.0000000000000000        1.3899999999917867E-003
   5.0000000000000000        0.0000000000000000        0.0000000000000000        0.0000000000000000        1.4519999999915711E-003
   5.1666666666666670        0.0000000000000000        0.0000000000000000        0.0000000000000000        1.4929999999928611E-003
   5.3333333333333330        0.0000000000000000        0.0000000000000000        0.0000000000000000        1.5309999999928436E-003
   5.5000000000000000        0.0000000000000000        0.0000000000000000        0.0000000000000000        1.5719999999923573E-003
   5.6666666666666670        0.0000000000000000        0.0000000000000000        0.0000000000000000        1.6099999999923398E-003
   5.8333333333333330        0.0000000000000000        0.0000000000000000        0.0000000000000000        1.6479999999923223E-003
   6.0000000000000000        0.0000000000000000        0.0000000000000000        0.0000000000000000        1.6859999999923048E-003
   6.1666666666666670        0.0000000000000000        0.0000000000000000        0.0000000000000000        1.7249999999915389E-003
   6.3333333333333330        0.0000000000000000        0.0000000000000000        0.0000000000000000        1.7629999999915213E-003
   6.5000000000000000        0.0000000000000000        0.0000000000000000        0.0000000000000000        1.8009999999915038E-003
   6.6666666666666670        0.0000000000000000        0.0000000000000000        0.0000000000000000        1.8389999999914863E-003
   6.8333333333333330        0.0000000000000000        0.0000000000000000        0.0000000000000000        1.8779999999907204E-003
   7.0000000000000000        0.0000000000000000        0.0000000000000000        0.0000000000000000        1.9159999999907029E-003
   7.1666666666666670        0.0000000000000000        0.0000000000000000        0.0000000000000000        1.9559999999909650E-003
   7.3333333333333330        0.0000000000000000        0.0000000000000000        0.0000000000000000        1.9939999999909475E-003
   7.5000000000000000        0.0000000000000000        0.0000000000000000        0.0000000000000000        2.0309999999916784E-003
   7.6666666666666670        0.0000000000000000        0.0000000000000000        0.0000000000000000        2.0689999999916608E-003
   7.8333333333333330        0.0000000000000000        0.0000000000000000        0.0000000000000000        2.1069999999916433E-003
   8.0000000000000000        0.0000000000000000        0.0000000000000000        0.0000000000000000        2.1449999999916258E-003
   8.1666666666666661        0.0000000000000000        0.0000000000000000        0.0000000000000000        2.1849999999918879E-003
   8.3333333333333339        0.0000000000000000        0.0000000000000000        0.0000000000000000        2.4239999999924322E-003
   8.5000000000000000        0.0000000000000000        0.0000000000000000        0.0000000000000000        2.4789999999939027E-003
   8.6666666666666661        0.0000000000000000        0.0000000000000000        0.0000000000000000        2.5299999999948142E-003
   8.8333333333333339        0.0000000000000000        0.0000000000000000        0.0000000000000000        2.5809999999939492E-003
   9.0000000000000000        0.0000000000000000        0.0000000000000000        0.0000000000000000        2.6329999999941123E-003
   9.1666666666666661        0.0000000000000000        0.0000000000000000        0.0000000000000000        2.8149999999946829E-003
   9.3333333333333339        0.0000000000000000        0.0000000000000000        0.0000000000000000        3.0149999999942168E-003
   9.5000000000000000        0.0000000000000000        0.0000000000000000        0.0000000000000000        3.1409999999940652E-003
   9.6666666666666661        0.0000000000000000        0.0000000000000000        0.0000000000000000        3.2669999999939137E-003
   9.8333333333333339        0.0000000000000000        0.0000000000000000        0.0000000000000000        3.3829999999941407E-003
   10.000000000000000        0.0000000000000000        0.0000000000000000        0.0000000000000000        3.5019999999938989E-003
   10.166666666666666        0.0000000000000000        0.0000000000000000        0.0000000000000000        3.6179999999941259E-003
   10.333333333333334        0.0000000000000000        0.0000000000000000        0.0000000000000000        3.7319999999940734E-003
   10.500000000000000        0.0000000000000000        0.0000000000000000        0.0000000000000000        3.8549999999943907E-003
   10.666666666666666        0.0000000000000000        0.0000000000000000        0.0000000000000000        4.0029999999937615E-003
   10.833333333333334        0.0000000000000000        0.0000000000000000        0.0000000000000000        4.1459999999933217E-003
   11.000000000000000        0.0000000000000000        0.0000000000000000        0.0000000000000000        4.2919999999941894E-003
   11.166666666666666        0.0000000000000000        0.0000000000000000        0.0000000000000000        4.4429999999948677E-003
   11.333333333333334        0.0000000000000000        0.0000000000000000        0.0000000000000000        4.5969999999950772E-003
   11.500000000000000        0.0000000000000000        0.0000000000000000        0.0000000000000000        4.7509999999935104E-003
   11.666666666666666        0.0000000000000000        0.0000000000000000        0.0000000000000000        4.9039999999926920E-003
   11.833333333333334        0.0000000000000000        0.0000000000000000        0.0000000000000000        5.0579999999929015E-003
   12.000000000000000        0.0000000000000000        0.0000000000000000        0.0000000000000000        5.2119999999931110E-003
   12.166666666666666        0.0000000000000000        0.0000000000000000        0.0000000000000000        5.3779999999932215E-003
   12.333333333333334        0.0000000000000000        0.0000000000000000        0.0000000000000000        5.5499999999923944E-003
   12.500000000000000        0.0000000000000000        0.0000000000000000        0.0000000000000000        5.7199999999912876E-003
   12.666666666666666        0.0000000000000000        0.0000000000000000        0.0000000000000000        5.8889999999909293E-003
   12.833333333333334        0.0000000000000000        0.0000000000000000        0.0000000000000000        6.0589999999915989E-003
   13.000000000000000        0.0000000000000000        0.0000000000000000        0.0000000000000000        6.2299999999915201E-003
   13.166666666666666        0.0000000000000000        0.0000000000000000        0.0000000000000000        6.4049999999902241E-003
   13.333333333333334        0.0000000000000000        0.0000000000000000        0.0000000000000000        6.5749999999908937E-003
   13.500000000000000        0.0000000000000000        0.0000000000000000        0.0000000000000000        6.7519999999916536E-003
   13.666666666666666        0.0000000000000000        0.0000000000000000        0.0000000000000000        6.9309999999926930E-003
   13.833333333333334        0.0000000000000000        0.0000000000000000        0.0000000000000000        7.1179999999912980E-003
   14.000000000000000        0.0000000000000000        0.0000000000000000        0.0000000000000000        7.3019999999921481E-003
   14.166666666666666        0.0000000000000000        0.0000000000000000        0.0000000000000000        7.4929999999913122E-003
   14.333333333333334        0.0000000000000000        0.0000000000000000        0.0000000000000000        7.6789999999924419E-003
   14.500000000000000        0.0000000000000000        0.0000000000000000        0.0000000000000000        7.8629999999932920E-003
   14.666666666666666        0.0000000000000000        0.0000000000000000        0.0000000000000000        8.0469999999941422E-003
   14.833333333333334        0.0000000000000000        0.0000000000000000        0.0000000000000000        8.2249999999941537E-003
   15.000000000000000        0.0000000000000000        0.0000000000000000        0.0000000000000000        8.4109999999935070E-003
   15.166666666666666        0.0000000000000000        0.0000000000000000        0.0000000000000000        8.5909999999937980E-003
   15.333333333333334        0.0000000000000000        0.0000000000000000        0.0000000000000000        8.7699999999930611E-003
   15.500000000000000        0.0000000000000000        0.0000000000000000        0.0000000000000000        8.9529999999928833E-003
   15.666666666666666        0.0000000000000000        0.0000000000000000        0.0000000000000000        9.1349999999916776E-003
   15.833333333333334        0.0000000000000000        0.0000000000000000        0.0000000000000000        9.3169999999922481E-003
   16.000000000000000        0.0000000000000000        0.0000000000000000        0.0000000000000000        9.4999999999920703E-003
   16.166666666666668        0.0000000000000000        0.0000000000000000        0.0000000000000000        9.6959999999928215E-003
   16.333333333333332        0.0000000000000000        0.0000000000000000        0.0000000000000000        9.8889999999922651E-003
   16.500000000000000        0.0000000000000000        0.0000000000000000        0.0000000000000000        1.0074999999991618E-002
   16.666666666666668        0.0000000000000000        0.0000000000000000        0.0000000000000000        1.0260999999990972E-002
   16.833333333333332        0.0000000000000000        0.0000000000000000        0.0000000000000000        1.0451999999990136E-002
   17.000000000000000        0.0000000000000000        0.0000000000000000        0.0000000000000000        1.0643999999990328E-002
   17.166666666666668        0.0000000000000000        0.0000000000000000        0.0000000000000000        1.0838999999990051E-002
   17.333333333333332        0.0000000000000000        0.0000000000000000        0.0000000000000000        1.1213999999990065E-002
   17.500000000000000        0.0000000000000000        0.0000000000000000        0.0000000000000000        1.1593999999989890E-002
   17.666666666666668        0.0000000000000000        0.0000000000000000        0.0000000000000000        1.1856999999990236E-002
   17.833333333333332        0.0000000000000000        0.0000000000000000        0.0000000000000000        1.2113999999989744E-002
   18.000000000000000        0.0000000000000000        0.0000000000000000        0.0000000000000000        1.2394999999989054E-002
   18.166666666666668        0.0000000000000000        0.0000000000000000        0.0000000000000000        1.2713999999988346E-002
   18.333333333333332        0.0000000000000000        0.0000000000000000        0.0000000000000000        1.3035999999987169E-002
   18.500000000000000        0.0000000000000000        0.0000000000000000        0.0000000000000000        1.3355999999985713E-002
   18.666666666666668        0.0000000000000000        0.0000000000000000        0.0000000000000000        1.3675999999986033E-002
   18.833333333333332        0.0000000000000000        0.0000000000000000        0.0000000000000000        1.3998999999985884E-002
   19.000000000000000        0.0000000000000000        0.0000000000000000        0.0000000000000000        1.4344999999984509E-002
   19.166666666666668        0.0000000000000000        0.0000000000000000        0.0000000000000000        1.4695999999984721E-002
   19.333333333333332        0.0000000000000000        0.0000000000000000        0.0000000000000000        1.5034999999985033E-002
   19.500000000000000        0.0000000000000000        0.0000000000000000        0.0000000000000000        1.5371999999985064E-002
   19.666666666666668        0.0000000000000000        0.0000000000000000        0.0000000000000000        1.5715999999985186E-002
   19.833333333333332        0.0000000000000000        0.0000000000000000        0.0000000000000000        1.6093999999984732E-002
   20.000000000000000        0.0000000000000000        0.0000000000000000        0.0000000000000000        1.6526999999985748E-002
   20.166666666666668        0.0000000000000000        0.0000000000000000        0.0000000000000000        1.6947999999985086E-002
   20.333333333333332        0.0000000000000000        0.0000000000000000        0.0000000000000000        1.7354999999986020E-002
   20.500000000000000        0.0000000000000000        0.0000000000000000        0.0000000000000000        1.7767999999986017E-002
   20.666666666666668        0.0000000000000000        0.0000000000000000        0.0000000000000000        1.8199999999986005E-002
   20.833333333333332        0.0000000000000000        0.0000000000000000        0.0000000000000000        1.8670999999985227E-002
   21.000000000000000        0.0000000000000000        0.0000000000000000        0.0000000000000000        1.9138999999984918E-002
   21.166666666666668        0.0000000000000000        0.0000000000000000        0.0000000000000000        1.9661999999984303E-002
   21.333333333333332        0.0000000000000000        0.0000000000000000        0.0000000000000000        2.0171999999982759E-002
   21.500000000000000        0.0000000000000000        0.0000000000000000        0.0000000000000000        2.0681999999982992E-002
   21.666666666666668        0.0000000000000000        0.0000000000000000        0.0000000000000000        2.1234999999983017E-002
   21.833333333333332        0.0000000000000000        0.0000000000000000        0.0000000000000000        2.1819999999983963E-002
   22.000000000000000        0.0000000000000000        0.0000000000000000        0.0000000000000000        2.2408999999983692E-002
   22.166666666666668        0.0000000000000000        0.0000000000000000        0.0000000000000000        2.3029999999982564E-002
   22.333333333333332        0.0000000000000000        0.0000000000000000        0.0000000000000000        2.3670999999982456E-002
   22.500000000000000        0.0000000000000000        0.0000000000000000        0.0000000000000000        2.4340999999983737E-002
   22.666666666666668        0.0000000000000000        0.0000000000000000        0.0000000000000000        2.5033999999983791E-002
   22.833333333333332        0.0000000000000000        0.0000000000000000        0.0000000000000000        2.5762999999983549E-002
   23.000000000000000        0.0000000000000000        0.0000000000000000        0.0000000000000000        2.6511999999982550E-002
   23.166666666666668        0.0000000000000000        0.0000000000000000        0.0000000000000000        2.7285999999982380E-002
   23.333333333333332        0.0000000000000000        0.0000000000000000        0.0000000000000000        2.8118999999982464E-002
   23.500000000000000        0.0000000000000000        0.0000000000000000        0.0000000000000000        2.8971999999981790E-002
   23.666666666666668        0.0000000000000000        0.0000000000000000        0.0000000000000000        2.9892999999981740E-002
   23.833333333333332        0.0000000000000000        0.0000000000000000        0.0000000000000000        3.1673999999982883E-002
   24.000000000000000        0.0000000000000000        0.0000000000000000        0.0000000000000000        3.3133999999982677E-002
   24.166666666666668        0.0000000000000000        0.0000000000000000        0.0000000000000000        3.4807999999982187E-002
   24.333333333333332        0.0000000000000000        0.0000000000000000        0.0000000000000000        3.6760999999982502E-002
   24.500000000000000        0.0000000000000000        0.0000000000000000        0.0000000000000000        3.9027999999982299E-002
   24.666666666666668        0.0000000000000000        0.0000000000000000        0.0000000000000000        4.1435999999981377E-002
   24.833333333333332        0.0000000000000000        0.0000000000000000        0.0000000000000000        4.3945999999982277E-002
   25.000000000000000        0.0000000000000000        0.0000000000000000        0.0000000000000000        5.6778999999981039E-002
   25.166666666666668        0.0000000000000000        0.0000000000000000        0.0000000000000000        5.9645999999981214E-002
   25.333333333333332        0.0000000000000000        0.0000000000000000        0.0000000000000000        6.2638999999981237E-002
   25.500000000000000        0.0000000000000000        0.0000000000000000        0.0000000000000000        6.5729999999980748E-002
   25.666666666666668        0.0000000000000000        0.0000000000000000        0.0000000000000000        6.8817999999980728E-002
   25.833333333333332        0.0000000000000000        0.0000000000000000        0.0000000000000000        7.1804999999979913E-002
   26.000000000000000        0.0000000000000000        0.0000000000000000        0.0000000000000000        7.4922999999978757E-002
   26.166666666666668        0.0000000000000000        0.0000000000000000        0.0000000000000000        7.8190999999977251E-002
   26.333333333333332        0.0000000000000000        0.0000000000000000        0.0000000000000000        8.1473999999976954E-002
   26.500000000000000        0.0000000000000000        0.0000000000000000        0.0000000000000000        8.4807999999977568E-002
   26.666666666666668        0.0000000000000000        0.0000000000000000        0.0000000000000000        8.8195999999978625E-002
   26.833333333333332        0.0000000000000000        0.0000000000000000        0.0000000000000000        9.1635999999978068E-002
   27.000000000000000        0.0000000000000000        0.0000000000000000        0.0000000000000000        9.5084999999977882E-002
   27.166666666666668        1.4671002979007696E-004   0.0000000000000000        1.4671002979007696E-006   9.8612999999977191E-002
   27.333333333333332        1.2802476207086587E-003   0.0000000000000000        1.4269576504987358E-005  0.10220199999997703     
   27.500000000000000        4.4616431282227436E-003   0.0000000000000000        5.8886007787214794E-005  0.10581399999997743     
   27.666666666666668        1.2265623633164130E-002   0.0000000000000000        1.8154224411885610E-004  0.10948999999997788     
   27.833333333333332        2.9357068207274871E-002   0.0000000000000000        4.7511292619160483E-004  0.11338699999997814     
   28.000000000000000        6.3210530299362105E-002   0.0000000000000000        1.1072182291852258E-003  0.11729999999997887     
   28.166666666666668       0.12458679663894706        0.0000000000000000        2.3530861955746965E-003  0.12149499999997815     
   28.333333333333332       0.22749420579855223        0.0000000000000000        4.6280282535602190E-003  0.12581899999997859     
   28.500000000000000       0.38829369567439470        0.0000000000000000        8.5109652103041653E-003  0.13026899999997887     
   28.666666666666668       0.62359940887946508        0.0000000000000000        1.4746959299098816E-002  0.13477599999997913     
   28.833333333333332       0.94701453745195441        0.0000000000000000        2.4217104673618359E-002  0.13933199999998003     
   29.000000000000000        1.3646508176203691        0.0000000000000000        3.7863612849822051E-002  0.14403199999998151     
   29.166666666666668        1.8724198608137168        0.0000000000000000        5.6587811457959221E-002  0.14877899999998156     
   29.333333333333332        2.4544046002403999        0.0000000000000000        8.1131857460363221E-002  0.15356899999998141     
   29.500000000000000        3.0898376264937637        0.0000000000000000       0.11203023372530085       0.15854899999998118     
   29.666666666666668        3.7530773298079270        7.2506874706427236E-004  0.14956825771085078       0.16371099999998151     
   29.833333333333332        4.4148728230447203        2.4905223062316904E-003  0.19374189116436030       0.16886799999998026     
   30.000000000000000        5.0461832806386653        6.3978555539222050E-003  0.24426770252628618       0.18867399999998113     
   30.166666666666668        5.6207570323795606        1.4028012942028396E-002  0.30061555297950210       0.19416499999998216     
   30.333333333333332        6.1177192590216860        2.7597898083680284E-002  0.36206872455055578       0.19963999999998272     
   30.500000000000000        6.5568061166043572        0.0000000000000000       0.42763678571659935       0.20497699999998176     
   30.666666666666668        6.9346204965242331        0.0000000000000000       0.49698299068184171       0.21037499999998133     
   30.833333333333332        7.1757861482602578        0.0000000000000000       0.56874085216444425       0.21584699999998236     
   31.000000000000000        7.3111736921635044        0.0000000000000000       0.64185258908607934       0.22129099999998303     
   31.166666666666668        7.4144803112778712        0.0000000000000000       0.71599739219885805       0.22668799999998157     
   31.333333333333332        7.4234778194752371        0.0000000000000000       0.79023217039361038       0.23208699999998039     
   31.500000000000000        7.4055812856254422        0.0000000000000000       0.86428798324986478       0.23759199999997982     
   31.666666666666668        7.3102676179540582        0.0000000000000000       0.93739065942940536       0.24307599999998075     
   31.833333333333332        7.1509504728338147        0.0000000000000000        1.0089001641577435       0.24870999999998133     
   32.000000000000000        6.9861910157655274        0.0000000000000000        1.0787620743153987       0.25434499999998117     
   32.166666666666664        6.8730762666352438        0.0000000000000000        1.1474928369817512       0.26008799999998189     
   32.333333333333336        6.7308464746329424        0.0000000000000000        1.2148013017280805       0.26583799999998092     
   32.500000000000000        6.5445991444818263        0.0000000000000000        1.2802472931728988       0.27169599999998084     
   32.666666666666664        6.3778377658735241        0.0000000000000000        1.3440256708316340       0.27748899999997967     
   32.833333333333336        6.2333080210272440        0.0000000000000000        1.4063587510419064       0.28338699999997985     
   33.000000000000000        6.0805900319336281        0.0000000000000000        1.4671646513612426       0.28933799999997944     
   33.166666666666664        5.9263629924944459        0.0000000000000000        1.5264282812861871       0.29530199999997997     
   33.333333333333336        5.7598304556533364        0.0000000000000000        1.5840265858427205       0.30124699999998050     
   33.500000000000000        5.5794945195859302        0.0000000000000000        1.6398215310385797       0.30701899999997906     
   33.666666666666664        5.3917394277363337        0.0000000000000000        1.6937389253159432       0.31298799999997939     
   33.833333333333336        5.2103827639494362        0.0000000000000000        1.7458427529554374       0.31890499999997957     
   34.000000000000000        5.0723413401225539        0.0000000000000000        1.7965661663566630       0.32477599999997864     
   34.166666666666664        4.9716678150084919        0.0000000000000000        1.8462828445067478       0.33065099999998004     
   34.333333333333336        4.8689024636231766        0.0000000000000000        1.8949718691429795       0.33632999999998070     
   34.500000000000000        4.7632860218088640        0.0000000000000000        1.9426047293610682       0.34217299999998119     
   34.666666666666664        4.6667008225523219        0.0000000000000000        1.9892717375865914       0.34800299999998074     
   34.833333333333336        4.5746823588247167        0.0000000000000000        2.0350185611748386       0.35362899999998199     
   35.000000000000000        4.4767381757281512        0.0000000000000000        2.0797859429321202       0.36587999999998111     
   35.166666666666664        4.3678385359560821        0.0000000000000000        2.1234643282916812       0.37158099999998129     
   35.333333333333336        4.2502388520581205        0.0000000000000000        2.1659667168122625       0.37719399999998160     
   35.500000000000000        4.1289350818073842        0.0000000000000000        2.2072560676303365       0.38301399999998331     
   35.666666666666664        4.0090065636787688        0.0000000000000000        2.2473461332671243       0.38881499999998326     
   35.833333333333336        3.8942092609491499        0.0000000000000000        2.2862882258766160       0.39452799999998334     
   36.000000000000000        3.7865584512255173        0.0000000000000000        2.3241538103888710       0.40032399999998347     
   36.166666666666664        3.6868031429024506        0.0000000000000000        2.3610218418178954       0.40600599999998366     
   36.333333333333336        3.5947944378650383        0.0000000000000000        2.3969697861965460       0.41168699999998459     
   36.500000000000000        3.5101358047029096        0.0000000000000000        2.4320711442435750       0.41728099999998491     
   36.666666666666664        3.4320306435432157        0.0000000000000000        2.4663914506790072       0.42308499999998439     
   36.833333333333336        3.3644441626258570        0.0000000000000000        2.5000358923052657       0.42880699999998484     
   37.000000000000000        3.3209888259596227        0.0000000000000000        2.5332457805648620       0.43459499999998563     
   37.166666666666664        3.3036220738370559        0.0000000000000000        2.5662820013032328       0.44021299999998575     
   37.333333333333336        3.2958780352962971        0.0000000000000000        2.5992407816561958       0.44604699999998587     
   37.500000000000000        3.2772274988543262        0.0000000000000000        2.6320130566447388       0.45184299999998601     
   37.666666666666664        3.2405247405476114        0.0000000000000000        2.6644183040502147       0.45746399999998566     
   37.833333333333336        3.1981530852740701        0.0000000000000000        2.6963998349029557       0.46328999999998643     
   38.000000000000000        3.1597325540571539        0.0000000000000000        2.7279971604435271       0.46918499999998708     
   38.166666666666664        3.1244632166856454        0.0000000000000000        2.7592417926103834       0.47490299999998697     
   38.333333333333336        3.0926424403122685        0.0000000000000000        2.7901682170135063       0.48065499999998629     
   38.500000000000000        3.0613421589113847        0.0000000000000000        2.8207816386026203       0.48644099999998680     
   38.666666666666664        3.0254042275830901        0.0000000000000000        2.8510356808784514       0.49231799999998671     
   38.833333333333336        2.9869823772805200        0.0000000000000000        2.8809055046512566       0.49807999999998565     
   39.000000000000000        2.9499287679733404        0.0000000000000000        2.9104047923309899       0.50392799999998594     
   39.166666666666664        2.9161452067982756        0.0000000000000000        2.9395662443989727       0.50970299999998581     
   39.333333333333336        2.8833944935166640        0.0000000000000000        2.9684001893341394       0.51551899999998696     
   39.500000000000000        2.8503436279551728        0.0000000000000000        2.9969036256136912       0.52123399999998732     
   39.666666666666664        2.8151725101078839        0.0000000000000000        3.0250553507147702       0.52695399999998571     
   39.833333333333336        2.7779827038179206        0.0000000000000000        3.0528351777529492       0.53266499999998551     
   40.000000000000000        2.7386503347198068        0.0000000000000000        3.0802216811001473       0.54494199999998649     
   40.166666666666664        2.6993779758998162        0.0000000000000000        3.1072154608591456       0.55067499999998581     
   40.333333333333336        2.6629951461499988        0.0000000000000000        3.1338454123206456       0.55639699999998626     
   40.500000000000000        2.6298625202570411        0.0000000000000000        3.1601440375232159       0.56211699999998466     
   40.666666666666664        2.5980851981710669        0.0000000000000000        3.1861248895049266       0.56783499999998455     
   40.833333333333336        2.5652743271006657        0.0000000000000000        3.2117776327759331       0.57354699999998360     
   41.000000000000000        2.5298228071688915        0.0000000000000000        3.2370758608476220       0.57926499999998349     
   41.166666666666664        2.4912074361680401        0.0000000000000000        3.2619879352093024       0.58491499999998275     
   41.333333333333336        2.4496935630500745        0.0000000000000000        3.2864848708398031       0.59055799999998193     
   41.500000000000000        2.4059130206288839        0.0000000000000000        3.3105440010460918       0.59622699999998119     
   41.666666666666664        2.3604974233440541        0.0000000000000000        3.3341489752795321       0.60188699999998008     
   41.833333333333336        2.3141640636501171        0.0000000000000000        3.3572906159160332       0.60762599999998024     
   42.000000000000000        2.2677238735300125        0.0000000000000000        3.3799678546513334       0.61329999999997931     
   42.166666666666664        2.2215504852998773        0.0000000000000000        3.4021833595043320       0.61896899999997856     
   42.333333333333336        2.1757227338990344        0.0000000000000000        3.4239405868433224       0.62463599999997754     
   42.500000000000000        2.1300186716511056        0.0000000000000000        3.4452407735598336       0.63030699999997708     
   42.666666666666664        2.0845030530550579        0.0000000000000000        3.4660858040903841       0.63597099999997653     
   42.833333333333336        2.0392770885299156        0.0000000000000000        3.4864785749756835       0.64162899999997691     
   43.000000000000000        1.9943494245464348        0.0000000000000000        3.5064220692211476       0.64728599999997805     
   43.166666666666664        1.9497330263151296        0.0000000000000000        3.5259193994842990       0.65295099999997674     
   43.333333333333336        1.9055541542606622        0.0000000000000000        3.5449749410269056       0.65861899999997675     
   43.500000000000000        1.8618909633802141        0.0000000000000000        3.5635938506607077       0.66427199999997555     
   43.666666666666664        1.8188025371643779        0.0000000000000000        3.5817818760323514       0.66992099999997556     
   43.833333333333336        1.7763500649070101        0.0000000000000000        3.5995453766814216       0.67557599999997464     
   44.000000000000000        1.7345361098180525        0.0000000000000000        3.6168907377796020       0.68122899999997344     
   44.166666666666664        1.6933690395492951        0.0000000000000000        3.6338244281750951       0.68689399999997391     
   44.333333333333336        1.6529878751341753        0.0000000000000000        3.6503543069264368       0.69255499999997383     
   44.500000000000000        1.6134092012729726        0.0000000000000000        3.6664883989391663       0.69821299999997422     
   44.666666666666664        1.5746339147235429        0.0000000000000000        3.6822347380864016       0.70386699999997404     
   44.833333333333336        1.5365948310940962        0.0000000000000000        3.6976006863973425       0.70951999999997462     
   45.000000000000000        1.4993443440619065        0.0000000000000000        3.7125941298379614       0.71870499999997506     
   45.166666666666664        1.4628822259646281        0.0000000000000000        3.7272229520976077       0.72437999999997515     
   45.333333333333336        1.4271548461374899        0.0000000000000000        3.7414945005589826       0.73004799999997516     
   45.500000000000000        1.3921662011904823        0.0000000000000000        3.7554161625708873       0.73570799999997583     
   45.666666666666664        1.3578800557943487        0.0000000000000000        3.7689949631288306       0.74137499999997480     
   45.833333333333336        1.3242463455617313        0.0000000000000000        3.7822374265844481       0.74703399999997444     
   46.000000000000000        1.2912154822156168        0.0000000000000000        3.7951495814066041       0.75269299999997585     
   46.166666666666664        1.2587259301526974        0.0000000000000000        3.8077368407081309       0.75835999999997661     
   46.333333333333336        1.2266762222718330        0.0000000000000000        3.8200036029308491       0.76401899999997624     
   46.500000000000000        1.1950816748695787        0.0000000000000000        3.8319544196795450       0.76968599999997522     
   46.666666666666664        1.1639341429094407        0.0000000000000000        3.8435937611086395       0.77535199999997495     
   46.833333333333336        1.1331584242922204        0.0000000000000000        3.8549253453515617       0.78101099999997459     
   47.000000000000000        1.1026740421479084        0.0000000000000000        3.8659520857730407       0.78666799999997572     
   47.166666666666664        1.0723878991915654        0.0000000000000000        3.8766759647649565       0.79233199999997517     
   47.333333333333336        1.0423118486896337        0.0000000000000000        3.8870990832518526       0.79798999999997555     
   47.500000000000000        1.0124459884758794        0.0000000000000000        3.8972235431366116       0.80365399999997500     
   47.666666666666664       0.98282893374287328        0.0000000000000000        3.9070518324740404       0.80931699999997520     
   47.833333333333336       0.95351970460797653        0.0000000000000000        3.9165870295201204       0.81497499999997558     
   48.000000000000000       0.92458202283820357        0.0000000000000000        3.9258328497485024       0.82063799999997578     
   48.166666666666664       0.89608060400356215        0.0000000000000000        3.9347936557885381       0.82631199999997662     
   48.333333333333336       0.86806121274484649        0.0000000000000000        3.9434742679159864       0.83197499999997682     
   48.500000000000000       0.84060746125492436        0.0000000000000000        3.9518803425285358       0.83763699999997598     
   48.666666666666664       0.81387456771413724        0.0000000000000000        3.9600190882056774       0.84330099999997721     
   48.833333333333336       0.78790292408525586        0.0000000000000000        3.9678981174465298       0.84896899999997721     
   49.000000000000000       0.76270718019569639        0.0000000000000000        3.9755251892484869       0.85463399999997769     
   49.166666666666664       0.73826619344286915        0.0000000000000000        3.9829078511829157       0.86029999999997742     
   49.333333333333336       0.71467149797490437        0.0000000000000000        3.9900545661626645       0.86596499999997789     
   49.500000000000000       0.69191498711229127        0.0000000000000000        3.9969737160337875       0.87163799999997948     
   49.666666666666664       0.67000367930091431        0.0000000000000000        4.0036737528267965       0.87730799999997799     
   49.833333333333336       0.64891492622010261        0.0000000000000000        4.0101629020889975       0.88298099999997781     
   50.000000000000000       0.62862165400989456        0.0000000000000000        4.0164491186290965       0.89141499999997720     
   50.166666666666664       0.60909940486246583        0.0000000000000000        4.0225401126777207       0.89709499999997711     
   50.333333333333336       0.59031721804419046        0.0000000000000000        4.0284432848581631       0.90276699999997767     
   50.500000000000000       0.57223125187205293        0.0000000000000000        4.0341655973768837       0.90842899999997684     
   50.666666666666664       0.55487014289323844        0.0000000000000000        4.0397142988058166       0.91409599999997582     
   50.833333333333336       0.53825380546309676        0.0000000000000000        4.0450968368604476       0.91975099999997489     
   51.000000000000000       0.52237662580642752        0.0000000000000000        4.0503206031185117       0.92529899999997589     
   51.166666666666664       0.50723444010601559        0.0000000000000000        4.0553929475195716       0.93095599999997525     
   51.333333333333336       0.49282093982254410        0.0000000000000000        4.0603211569177970       0.93648999999997429     
   51.500000000000000       0.47912203365051564        0.0000000000000000        4.0651123772543025       0.94199799999997325     
   51.666666666666664       0.46610621614144510        0.0000000000000000        4.0697734394157168       0.94744499999997345     
   51.833333333333336       0.45372643432552334        0.0000000000000000        4.0743107037589716       0.95298799999997286     
   52.000000000000000       0.44195162268288635        0.0000000000000000        4.0787302199858004       0.95852299999997292     
   52.166666666666664       0.43072245583607521        0.0000000000000000        4.0830374445441615       0.96406899999997187     
   52.333333333333336       0.42009917028800153        0.0000000000000000        4.0872384362470413       0.96972499999997197     
   52.500000000000000       0.41026310795184967        0.0000000000000000        4.0913410673265602       0.97537499999997301     
   52.666666666666664       0.40124607320507188        0.0000000000000000        4.0953535280586113       0.98099999999997323     
   52.833333333333336       0.39279759832287559        0.0000000000000000        4.0992815040418398       0.98654799999997422     
   53.000000000000000       0.38451574289395507        0.0000000000000000        4.1031266614707791       0.99219399999997471     
   53.166666666666664       0.37605317761241153        0.0000000000000000        4.1068871932469033       0.99784499999997323     
   53.333333333333336       0.36723999623400916        0.0000000000000000        4.1105595932092438        1.0034969999999728     
   53.500000000000000       0.35816479170294835        0.0000000000000000        4.1141412411262737        1.0091239999999715     
   53.666666666666664       0.34911099638352583        0.0000000000000000        4.1176323510901085        1.0146779999999715     
   53.833333333333336       0.34028746967824197        0.0000000000000000        4.1210352257868905        1.0203299999999711     
   54.000000000000000       0.33169018286475155        0.0000000000000000        4.1243521276155377        1.0259839999999709     
   54.166666666666664       0.32318329133512974        0.0000000000000000        4.1275839605288889        1.0316139999999709     
   54.333333333333336       0.31469825148269293        0.0000000000000000        4.1307309430437158        1.0371649999999715     
   54.500000000000000       0.30631421708371298        0.0000000000000000        4.1337940852145527        1.0428159999999718     
   54.666666666666664       0.29810902732690042        0.0000000000000000        4.1367751754878217        1.0484669999999703     
   54.833333333333336       0.29005844823939897        0.0000000000000000        4.1396757599702161        1.0540939999999708     
   55.000000000000000       0.28212422742657411        0.0000000000000000        4.1424970022444816        1.0608519999999704     
   55.166666666666664       0.27433748369843142        0.0000000000000000        4.1452403770814659        1.0665159999999698     
   55.333333333333336       0.26671978290353049        0.0000000000000000        4.1479075749105014        1.0721559999999695     
   55.500000000000000       0.25922584946529781        0.0000000000000000        4.1504998334051546        1.0777129999999691     
   55.666666666666664       0.25182226012094316        0.0000000000000000        4.1530180560063643        1.0833419999999698     
   55.833333333333336       0.24456033967673158        0.0000000000000000        4.1554636594031313        1.0888919999999711     
   56.000000000000000       0.23748683456049416        0.0000000000000000        4.1578385277487362        1.0945149999999710     
   56.166666666666664       0.23061075270374035        0.0000000000000000        4.1601446352757732        1.1000489999999719     
   56.333333333333336       0.22394374551432525        0.0000000000000000        4.1623840727309167        1.1055709999999710     
   56.500000000000000       0.21749304455696475        0.0000000000000000        4.1645590031764863        1.1109789999999720     
   56.666666666666664       0.21125054298503962        0.0000000000000000        4.1666715086063366        1.1163809999999721     
   56.833333333333336       0.20519075795314523        0.0000000000000000        4.1687234161858679        1.1217769999999732     
   57.000000000000000       0.19929779298118411        0.0000000000000000        4.1707163941156802        1.1271779999999723     
   57.166666666666664       0.19356538666662060        0.0000000000000000        4.1726520479823463        1.1325869999999725     
   57.333333333333336       0.18797857278282193        0.0000000000000000        4.1745318337101747        1.1379919999999721     
   57.500000000000000       0.18252565689645223        0.0000000000000000        4.1763570902791392        1.1433949999999715     
   57.666666666666664       0.17719056836987163        0.0000000000000000        4.1781289959628376        1.1487989999999719     
   57.833333333333336       0.17195419257650277        0.0000000000000000        4.1798485378886028        1.1542019999999731     
   58.000000000000000       0.16681475820734284        0.0000000000000000        4.1815166854706760        1.1596009999999719     
   58.166666666666664       0.16178013719012410        0.0000000000000000        4.1831344868425768        1.1650089999999711     
   58.333333333333336       0.15686028825172926        0.0000000000000000        4.1847030897250939        1.1704129999999715     
   58.500000000000000       0.15206643303634215        0.0000000000000000        4.1862237540554572        1.1758169999999719     
   58.666666666666664       0.14740894786973346        0.0000000000000000        4.1876978435341545        1.1812149999999733     
   58.833333333333336       0.14289553336036695        0.0000000000000000        4.1891267988677585        1.1866129999999728     
   59.000000000000000       0.13853138856926703        0.0000000000000000        4.1905121127534510        1.1920039999999741     
   59.166666666666664       0.13431963536774147        0.0000000000000000        4.1918553091071287        1.1972869999999745     
   59.333333333333336       0.13026119837748892        0.0000000000000000        4.1931579210909034        1.2025629999999747     
   59.500000000000000       0.12635486673581431        0.0000000000000000        4.1944214697582618        1.2078369999999747     
   59.666666666666664       0.12259749052399249        0.0000000000000000        4.1956474446635017        1.2131099999999737     
   59.833333333333336       0.11898355418189972        0.0000000000000000        4.1968372802053207        1.2183819999999734     
   60.000000000000000       0.11550636193567793        0.0000000000000000        4.1979923438246773        1.2236679999999733     
   60.166666666666664       0.11366041219848032        0.0000000000000000        4.1991289479466625        1.2289509999999719     
   60.333333333333336       0.11188594317597203        0.0000000000000000        4.2002478073784220        1.2342129999999720     
   60.500000000000000       0.11017536028006478        0.0000000000000000        4.2013495609812228        1.2394479999999728     
   60.666666666666664       0.10852081407508384        0.0000000000000000        4.2024347691219734        1.2446599999999730     
   60.833333333333336       0.10691749965188424        0.0000000000000000        4.2035039441184923        1.2498419999999744     
   61.000000000000000       0.10536284478512552        0.0000000000000000        4.2045575725663431        1.2550189999999741     
   61.166666666666664       0.10385627327136249        0.0000000000000000        4.2055961352990563        1.2601879999999746     
   61.333333333333336       0.10240068193003875        0.0000000000000000        4.2066201421183571        1.2653269999999743     
   61.500000000000000       0.10100453856864366        0.0000000000000000        4.2076301875040434        1.2704569999999737     
   61.666666666666664        9.9682915412957943E-002   0.0000000000000000        4.2086270166581734        1.2755679999999732     
   61.833333333333336        9.8456740896368355E-002   0.0000000000000000        4.2096115840671366        1.2806569999999731     
   62.000000000000000        9.7350508104568259E-002   0.0000000000000000        4.2105850891481822        1.2857439999999727     
   62.166666666666664        9.6389071082692471E-002   0.0000000000000000        4.2115489798590096        1.2908219999999719     
   62.333333333333336        9.5594205722946149E-002   0.0000000000000000        4.2125049219162394        1.2958969999999734     
   62.500000000000000        9.4981570615454286E-002   0.0000000000000000        4.2134547376223939        1.3009819999999728     
   62.666666666666664        9.4558859884611657E-002   0.0000000000000000        4.2144003262212397        1.3060319999999734     
   62.833333333333336        9.4325882082820001E-002   0.0000000000000000        4.2153435850420680        1.3110589999999736     
   63.000000000000000        9.4275969330514825E-002   0.0000000000000000        4.2162863447353729        1.3160799999999746     
   63.166666666666664        9.4397892315562865E-002   0.0000000000000000        4.2172303236585282        1.3211099999999742     
   63.333333333333336        9.4677638377509754E-002   0.0000000000000000        4.2181771000423032        1.3261279999999740     
   63.500000000000000        9.5094313970355171E-002   0.0000000000000000        4.2191280431820068        1.3311079999999738     
   63.666666666666664        9.5636826500045805E-002   0.0000000000000000        4.2200844114470071        1.3360799999999724     
   63.833333333333336        9.6296110483480427E-002   0.0000000000000000        4.2210473725518423        1.3410459999999738     
   64.000000000000000        9.7063092304495363E-002   0.0000000000000000        4.2220180034748873        1.3460109999999741     
   64.166666666666671        9.7932354845674904E-002   0.0000000000000000        4.2229973270233438        1.3509829999999745     
   64.333333333333329        9.8903196542976732E-002   0.0000000000000000        4.2239863589887738        1.3559259999999735     
   64.500000000000000        9.9978421576349508E-002   0.0000000000000000        4.2249861432045375        1.3608679999999733     
   64.666666666666671       0.10115461593478954        0.0000000000000000        4.2259976893638855        1.3658269999999746     
   64.833333333333329       0.10244997173905215        0.0000000000000000        4.2270221890812758        1.3707759999999745     
   65.000000000000000       0.10388376387906574        0.0000000000000000        4.2280610267200665        1.3757409999999748     
   65.166666666666671       0.10548232657715099        0.0000000000000000        4.2291158499858383        1.3806729999999749     
   65.333333333333329       0.10729386514821285        0.0000000000000000        4.2301887886373208        1.3854919999999744     
   65.500000000000000       0.10934481561418927        0.0000000000000000        4.2312822367934624        1.3903069999999733     
   65.666666666666671       0.11163461996626607        0.0000000000000000        4.2323985829931248        1.3951009999999737     
   65.833333333333329       0.11412036515565495        0.0000000000000000        4.2335397866446813        1.3998949999999741     
   66.000000000000000       0.11675526796034319        0.0000000000000000        4.2347073393242844        1.4046949999999736     
   66.166666666666671       0.11950386357585357        0.0000000000000000        4.2359023779600431        1.4094989999999719     
   66.333333333333329       0.12241062598356933        0.0000000000000000        4.2371264842198784        1.4142739999999705     
   66.500000000000000       0.12553319296395879        0.0000000000000000        4.2383818161495181        1.4190479999999717     
   66.666666666666671       0.12894998283219625        0.0000000000000000        4.2396713159778399        1.4238229999999703     
   66.833333333333329       0.13274540419957040        0.0000000000000000        4.2409987700198357        1.4285949999999694     
   67.000000000000000       0.13695885910794667        0.0000000000000000        4.2423683586109151        1.4333669999999685     
   67.166666666666671       0.14157571206335021        0.0000000000000000        4.2437841157315486        1.4381089999999688     
   67.333333333333329       0.14660662545052058        0.0000000000000000        4.2452501819860542        1.4427319999999675     
   67.500000000000000       0.15208585004149633        0.0000000000000000        4.2467710404864691        1.4473529999999677     
   67.666666666666671       0.15800880187430663        0.0000000000000000        4.2483511285052122        1.4519529999999676     
   67.833333333333329       0.16440688490711319        0.0000000000000000        4.2499951973542833        1.4565549999999661     
   68.000000000000000       0.17127561047233139        0.0000000000000000        4.2517079534590065        1.4611569999999681     
   68.166666666666671       0.17864566817094257        0.0000000000000000        4.2534944101407159        1.4657599999999675     
   68.333333333333329       0.18654660707477561        0.0000000000000000        4.2553598762114637        1.4703619999999660     
   68.500000000000000       0.19498070194575462        0.0000000000000000        4.2573096832309210        1.4749629999999669     
   68.666666666666671       0.20397639903880826        0.0000000000000000        4.2593494472213091        1.4795679999999649     
   68.833333333333329       0.21352965318765627        0.0000000000000000        4.2614847437531855        1.4841709999999644     
   69.000000000000000       0.22370065718873181        0.0000000000000000        4.2637217503250726        1.4887739999999638     
   69.166666666666671       0.23448640811349239        0.0000000000000000        4.2660666144062072        1.4933779999999643     
   69.333333333333329       0.24592815264427675        0.0000000000000000        4.2685258959326502        1.4979699999999632     
   69.500000000000000       0.25801391175482163        0.0000000000000000        4.2711060350501988        1.5025459999999633     
   69.666666666666671       0.27078583379544297        0.0000000000000000        4.2738138933881533        1.5071219999999634     
   69.833333333333329       0.28420187763903837        0.0000000000000000        4.2766559121645438        1.5116959999999615     
   70.000000000000000       0.29826270547784761        0.0000000000000000        4.2796385392193219        1.5162839999999633     
   70.166666666666671       0.31291128451296518        0.0000000000000000        4.2827676520644520        1.5208619999999620     
   70.333333333333329       0.32817627590951015        0.0000000000000000        4.2860494148235473        1.5254449999999622     
   70.500000000000000       0.34405041977462097        0.0000000000000000        4.2894899190212934        1.5300199999999613     
   70.666666666666671       0.36052245028918101        0.0000000000000000        4.2930951435241855        1.5345929999999619     
   70.833333333333329       0.37761552654533204        0.0000000000000000        4.2968712987896387        1.5391639999999605     
   71.000000000000000       0.39528007075956428        0.0000000000000000        4.3008240994972340        1.5437369999999611     
   71.166666666666671       0.41356232124586939        0.0000000000000000        4.3049597227096923        1.5483169999999582     
   71.333333333333329       0.43247284278779496        0.0000000000000000        4.3092844511375699        1.5529269999999578     
   71.500000000000000       0.45205390823358016        0.0000000000000000        4.3138049902199054        1.5575329999999568     
   71.666666666666671       0.47235245970195544        0.0000000000000000        4.3185285148169248        1.5621349999999552     
   71.833333333333329       0.49341372129283151        0.0000000000000000        4.3234626520298534        1.5667369999999536     
   72.000000000000000       0.51521377897047571        0.0000000000000000        4.3286147898195582        1.5713329999999566     
   72.166666666666671       0.53760707764579541        0.0000000000000000        4.3339908605960158        1.5759359999999596     
   72.333333333333329       0.56031010417989735        0.0000000000000000        4.3395939616378145        1.5805369999999570     
   72.500000000000000       0.58322594506310965        0.0000000000000000        4.3454262210884460        1.5851369999999569     
   72.666666666666671       0.60646742708723544        0.0000000000000000        4.3514908953593183        1.5897259999999562     
   72.833333333333329       0.63029840717127006        0.0000000000000000        4.3577938794310311        1.5942089999999567     
   73.000000000000000       0.65496247665383223        0.0000000000000000        4.3643435041975698        1.5986879999999566     
   73.166666666666671       0.68062253530795980        0.0000000000000000        4.3711497295506492        1.6031709999999570     
   73.333333333333329       0.70737108136257643        0.0000000000000000        4.3782234403642750        1.6076479999999584     
   73.500000000000000       0.73522523483670710        0.0000000000000000        4.3855756927126421        1.6121249999999563     
   73.666666666666671       0.76415071016894687        0.0000000000000000        4.3932171998143312        1.6166009999999531     
   73.833333333333329       0.79411915074898110        0.0000000000000000        4.4011583913218209        1.6210759999999560     
   74.000000000000000       0.82508462912671554        0.0000000000000000        4.4094092376130885        1.6255489999999568     
   74.166666666666671       0.85702527280569873        0.0000000000000000        4.4179794903411453        1.6300259999999547     
   74.333333333333329       0.88992575635449855        0.0000000000000000        4.4268787479046905        1.6345039999999571     
   74.500000000000000       0.92378602529871090        0.0000000000000000        4.4361166081576773        1.6389779999999590     
   74.666666666666671       0.95859157819590413        0.0000000000000000        4.4457025239396364        1.6434569999999589     
   74.833333333333329       0.99435317849334870        0.0000000000000000        4.4556460557245696        1.6479369999999562     
   75.000000000000000        1.0310535518919404        0.0000000000000000        4.4659565912434891        1.6524319999999584     
   75.166666666666671        1.0687037392384393        0.0000000000000000        4.4766436286358733        1.6569149999999588     
   75.333333333333329        1.1072977051519985        0.0000000000000000        4.4877166056873934        1.6613949999999598     
   75.500000000000000        1.1468580671137345        0.0000000000000000        4.4991851863585310        1.6658759999999582     
   75.666666666666671        1.1873894758501091        0.0000000000000000        4.5110590811170326        1.6703569999999566     
   75.833333333333329        1.2288846773576345        0.0000000000000000        4.5233479278906090        1.6748369999999539     
   76.000000000000000        1.2713315691087979        0.0000000000000000        4.5360612435816972        1.6793179999999559     
   76.166666666666671        1.3147030649633864        0.0000000000000000        4.5492082742313311        1.6838069999999590     
   76.333333333333329        1.3590104149088826        0.0000000000000000        4.5627983783804202        1.6882919999999579     
   76.500000000000000        1.4043025818937906        0.0000000000000000        4.5768414041993584        1.6927749999999584     
   76.666666666666671        1.4505661429189329        0.0000000000000000        4.5913470656285478        1.6972589999999563     
   76.833333333333329        1.4978713569619284        0.0000000000000000        4.6063257791981673        1.7017449999999563     
   77.000000000000000        1.5462928162542264        0.0000000000000000        4.6217887073607100        1.7062319999999573     
   77.166666666666671        1.5959935352386212        0.0000000000000000        4.6377486427130963        1.7107469999999587     
   77.333333333333329        1.6468595114718709        0.0000000000000000        4.6542172378278153        1.7152349999999572     
   77.500000000000000        1.6981289428627984        0.0000000000000000        4.6711985272564434        1.7197219999999582     
   77.666666666666671        1.7480023262853721        0.0000000000000000        4.6886785505192972        1.7242389999999581     
   77.833333333333329        1.7938672155998794        0.0000000000000000        4.7066172226752956        1.7287319999999582     
   78.000000000000000        1.8328480009271129        0.0000000000000000        4.7249457026845665        1.7332289999999588     
   78.166666666666671        1.8634145652587317        0.0000000000000000        4.7435798483371538        1.7377509999999567     
   78.333333333333329        1.8865907164690181        0.0000000000000000        4.7624457555018438        1.7422409999999573     
   78.500000000000000        1.9042866171210702        0.0000000000000000        4.7814886216730548        1.7467349999999584     
   78.666666666666671        1.9188934273784353        0.0000000000000000        4.8006775559468391        1.7512519999999583     
   78.833333333333329        1.9337777697845557        0.0000000000000000        4.8200153336446849        1.7557349999999587     
   79.000000000000000        1.9517959381984911        0.0000000000000000        4.8395332930266699        1.7601049999999603     
   79.166666666666671        1.9749364591357996        0.0000000000000000        4.8592826576180279        1.7645019999999576     
   79.333333333333329        2.0047153128320367        0.0000000000000000        4.8793298107463485        1.7688729999999566     
   79.500000000000000        2.0415020406060975        0.0000000000000000        4.8997448311524092        1.7732419999999571     
   79.666666666666671        2.0848303509599946        0.0000000000000000        4.9205931346620089        1.7776409999999565     
   79.833333333333329        2.1347422942077907        0.0000000000000000        4.9419405576040871        1.7820119999999555     
   80.000000000000000        2.1903635702098807        0.0000000000000000        4.9638441933061861        1.7863989999999568     
   80.166666666666671        2.2505374247926322        0.0000000000000000        4.9863495675541127        1.7908079999999558     
   80.333333333333329        2.3148253370021883        0.0000000000000000        5.0094978209241345        1.7951839999999564     
   80.500000000000000        2.3823731264336789        0.0000000000000000        5.0333215521884718        1.7995599999999570     
   80.666666666666671        2.4521942601261677        0.0000000000000000        5.0578434947897337        1.8039619999999559     
   80.833333333333329        2.5242143354127307        0.0000000000000000        5.0830856381438609        1.8083399999999550     
   81.000000000000000        2.5979446542354596        0.0000000000000000        5.1090650846862156        1.8127169999999566     
   81.166666666666671        2.6727797874226265        0.0000000000000000        5.1357928825604420        1.8171269999999566     
   81.333333333333329        2.7489942341793747        0.0000000000000000        5.1632828249022360        1.8215019999999562     
   81.500000000000000        2.8263444797008934        0.0000000000000000        5.1915462696992449        1.8258809999999563     
   81.666666666666671        2.9044270989479202        0.0000000000000000        5.2205905406887245        1.8302849999999573     
   81.833333333333329        2.9837780732677199        0.0000000000000000        5.2504283214214018        1.8346619999999589     
   82.000000000000000        3.0643303242927495        0.0000000000000000        5.2810716246643290        1.8390389999999606     
   82.166666666666671        3.1457120009845880        0.0000000000000000        5.3125287446741751        1.8434439999999590     
   82.333333333333329        3.2285103432451288        0.0000000000000000        5.3448138481066261        1.8478209999999606     
   82.500000000000000        3.3126553998123929        0.0000000000000000        5.3779404021047501        1.8521969999999577     
   82.666666666666671        3.3977516224977937        0.0000000000000000        5.4119179183297277        1.8566019999999597     
   82.833333333333329        3.4844231281915135        0.0000000000000000        5.4467621496116427        1.8609799999999588     
   83.000000000000000        3.5725948962411933        0.0000000000000000        5.4824880985740547        1.8653579999999579     
   83.166666666666671        3.6618099367474968        0.0000000000000000        5.5191061979415297        1.8697649999999584     
   83.333333333333329        3.7526070439224259        0.0000000000000000        5.5566322683807536        1.8741429999999575     
   83.500000000000000        3.8450991607097702        0.0000000000000000        5.5950832599878515        1.8785259999999582     
   83.666666666666671        3.9386995756175462        0.0000000000000000        5.6344702557440272        1.8829379999999567     
   83.833333333333329        4.0340526268019303        0.0000000000000000        5.6748107820120461        1.8873229999999594     
   84.000000000000000        4.1310345927392058        0.0000000000000000        5.7161211279394379        1.8917079999999586     
   84.166666666666671        4.2290763832471754        0.0000000000000000        5.7584118917719094        1.8961229999999603     
   84.333333333333329        4.3288018387496443        0.0000000000000000        5.8016999101594058        1.9005109999999590     
   84.500000000000000        4.4300821554737366        0.0000000000000000        5.8460007317141436        1.9048929999999586     
   84.666666666666671        4.5323974965214235        0.0000000000000000        5.8913247066793577        1.9091809999999612     
   84.833333333333329        4.6364108699112538        0.0000000000000000        5.9376888153784702        1.9134439999999593     
   85.000000000000000        4.7418732431870669        0.0000000000000000        5.9851075478103404        1.9177219999999622     
   85.166666666666671        4.8481533545688862        0.0000000000000000        6.0335890813560296        1.9220199999999643     
   85.333333333333329        4.9560441859609465        0.0000000000000000        6.0831495232156394        1.9262839999999635     
   85.500000000000000        5.0653665932979468        0.0000000000000000        6.1338031891486189        1.9305489999999637     
   85.666666666666671        5.1753406056797253        0.0000000000000000        6.1855565952054166        1.9348359999999651     
   85.833333333333329        5.2867705544991024        0.0000000000000000        6.2384243007504079        1.9390959999999637     
   86.000000000000000        5.3994911913114523        0.0000000000000000        6.2924192126635221        1.9433589999999654     
   86.166666666666671        5.5126153020001158        0.0000000000000000        6.3475453656835237        1.9476499999999675     
   86.333333333333329        5.6273781013183699        0.0000000000000000        6.4038191466967076        1.9519149999999676     
   86.500000000000000        5.7434575064272950        0.0000000000000000        6.4612537217609809        1.9561779999999658     
   86.666666666666671        5.8600314015635790        0.0000000000000000        6.5198540357766168        1.9604669999999658     
   86.833333333333329        5.9779749349868645        0.0000000000000000        6.5796337851264859        1.9647279999999654     
   87.000000000000000        6.0971168973421372        0.0000000000000000        6.6406049540999073        1.9689919999999645     
   87.166666666666671        6.2166040533563196        0.0000000000000000        6.7027709946334708        1.9732909999999642     
   87.333333333333329        6.3372310354935459        0.0000000000000000        6.7661433049884065        1.9775579999999628     
   87.500000000000000        6.4589439863296088        0.0000000000000000        6.8307327448517023        1.9818239999999641     
   87.666666666666671        6.5808704223194807        0.0000000000000000        6.8965414490748973        1.9861189999999631     
   87.833333333333329        6.7040186955526924        0.0000000000000000        6.9635816360304243        1.9904079999999631     
   88.000000000000000        6.8281923801074669        0.0000000000000000        7.0318635598314989        1.9946699999999637     
   88.166666666666671        6.9524133182246191        0.0000000000000000        7.1013876930137450        1.9989359999999650     
   88.333333333333329        7.0776768836640906        0.0000000000000000        7.1721644618503859        2.0032269999999635     
   88.500000000000000        7.2035351381342743        0.0000000000000000        7.2441998132317282        2.0075539999999634     
   88.666666666666671        7.3265989292198528        0.0000000000000000        7.3174658025239268        2.0118429999999634     
   88.833333333333329        7.4461037273963386        0.0000000000000000        7.3919268397978906        2.0161129999999652     
   89.000000000000000        7.5666175935955335        0.0000000000000000        7.4675930157338462        2.0204069999999632     
   89.166666666666671        7.6915329048217114        0.0000000000000000        7.5445083447820629        2.0247059999999628     
   89.333333333333329        7.8178617877219683        0.0000000000000000        7.6226869626592828        2.0289729999999615     
   89.500000000000000        7.9430522646270560        0.0000000000000000        7.7021174853055534        2.0332429999999633     
   89.666666666666671        8.0700116739338643        0.0000000000000000        7.7828176020448918        2.0375369999999648     
   89.833333333333329        8.2004802652219428        0.0000000000000000        7.8648224046971116        2.0418279999999633     
   90.000000000000000        8.3305842438230684        0.0000000000000000        7.9481282471353421        2.0461099999999632     
