165
XX
-----------------------------------------------------------------------------
PRES   HGHT   TEMP   QVIN   RELH  DWPT   USPD  VSPD     MIXR   DRCT   SKNT   THTA   THTE   THTV
    hPa     m      C   kg/kg   %    C     m/s    m/s       g/kg    deg   knot     K      K      K
-----------------------------------------------------------------------------
  998.9     100   -3.4  0.002915   91.7   -4.5     0.0     0.0
  995.1     130   -3.6  0.002873   93.6   -4.5     0.0     0.0
  991.4     160   -3.0  0.003022   89.0   -4.5     0.0     0.0
  987.7     189   -2.2  0.003216   83.9   -4.5     0.0     0.0
  984.0     219   -1.7  0.003334   77.2   -5.2     0.0     0.0
  980.3     249   -1.5  0.003416   73.9   -5.5     0.0     0.0
  976.7     279   -1.4  0.003449   72.6   -5.7     0.0     0.0
  973.0     308   -1.6  0.003415   73.9   -5.6     0.0     0.0
  969.4     338   -1.1  0.003537   63.6   -7.2     0.0     0.0
  965.8     368   -0.3  0.003767   55.3   -8.2     0.0     0.0
  962.2     398    0.2  0.003926   53.1   -8.3     0.0     0.0
  958.6     427    0.8  0.004131   54.0   -7.4     0.0     0.0
  955.1     457    0.8  0.004143   55.5   -7.1     0.0     0.0
  951.6     487    0.7  0.004125   58.3   -6.6     0.0     0.0
  948.0     517    0.6  0.004096   59.8   -6.4     0.0     0.0
  944.5     546    0.5  0.004092   62.5   -5.8     0.0     0.0
  941.0     576    0.3  0.004048   63.8   -5.8     0.0     0.0
  937.6     606    0.1  0.004002   65.8   -5.6     0.0     0.0
  934.1     636    0.0  0.004001   67.3   -5.3     0.0     0.0
  930.6     665   -0.1  0.003979   68.1   -5.3     0.0     0.0
  927.2     695    0.2  0.004073   67.7   -5.1     0.0     0.0
  923.7     725    1.4  0.004484   63.0   -4.8     0.0     0.0
  920.3     755    2.7  0.004937   56.5   -5.0     0.0     0.0
  917.0     784    3.1  0.005093   56.2   -4.8     0.0     0.0
  913.6     814    3.5  0.005261   56.0   -4.4     0.0     0.0
  910.3     844    3.6  0.005316   57.1   -4.1     0.0     0.0
  906.9     874    3.4  0.005251   58.2   -4.0     0.0     0.0
  903.6     903    3.3  0.005221   60.1   -3.7     0.0     0.0
  900.3     933    3.2  0.005199   60.4   -3.8     0.0     0.0
  897.0     963    3.1  0.005183   61.8   -3.6     0.0     0.0
  893.7     993    3.0  0.005174   62.9   -3.4     0.0     0.0
  890.4    1022    2.8  0.005129   63.8   -3.4     0.0     0.0
  887.2    1052    2.7  0.005101   65.1   -3.2     0.0     0.0
  883.9    1082    2.6  0.005105   66.5   -3.0     0.0     0.0
  880.6    1112    2.6  0.005117   66.9   -2.9     0.0     0.0
  877.4    1141    2.8  0.005224   69.1   -2.2     0.0     0.0
  874.2    1171    2.8  0.005227   68.1   -2.5     0.0     0.0
  871.0    1201    2.6  0.005188   70.0   -2.3     0.0     0.0
  867.8    1231    2.8  0.005254   70.6   -2.0     0.0     0.0
  864.6    1261    2.7  0.005250   71.0   -2.0     0.0     0.0
  861.4    1290    2.8  0.005307   71.4   -1.9     0.0     0.0
  858.3    1320    2.7  0.005306   72.4   -1.7     0.0     0.0
  855.1    1350    3.0  0.005427   71.7   -1.6     0.0     0.0
  852.0    1380    3.2  0.005530   71.9   -1.4     0.0     0.0
  848.9    1409    4.2  0.005960   69.3   -0.9     0.0     0.0
  845.8    1439    4.7  0.006185   71.0   -0.1     0.0     0.0
  842.7    1469    5.4  0.006492   77.1    1.7     0.0     0.0
  839.6    1499    5.5  0.006580   83.7    3.0     0.0     0.0
  836.6    1528    5.5  0.006596   90.6    4.1     0.0     0.0
  833.6    1558    5.3  0.006530   93.1    4.2     0.0     0.0
  830.5    1588    5.1  0.006457   95.4    4.4     0.0     0.0
  827.5    1618    4.8  0.006386   98.8    4.7     0.0     0.0
  824.5    1647    4.7  0.006410   100.0    4.7     0.0     0.0
  821.5    1677    4.6  0.006376   100.0    4.6     0.0     0.0
  818.5    1707    4.5  0.006376   100.0    4.5     0.0     0.0
  815.5    1737    4.5  0.006311   98.0    4.2     0.0     0.0
  812.6    1766    4.3  0.006281   92.5    3.2     0.0     0.0
  809.6    1796    4.2  0.006246   90.9    2.8     0.0     0.0
  806.6    1826    4.1  0.006218   89.4    2.5     0.0     0.0
  803.7    1856    3.9  0.006149   89.5    2.3     0.0     0.0
  800.8    1885    3.7  0.006076   89.5    2.1     0.0     0.0
  797.8    1915    3.4  0.006001   90.8    2.1     0.0     0.0
  794.9    1945    3.2  0.005918   88.9    1.5     0.0     0.0
  792.0    1975    3.1  0.005906   87.0    1.1     0.0     0.0
  789.1    2004    3.0  0.005909   79.7   -0.1     0.0     0.0
  786.2    2034    3.1  0.005945   73.2   -1.3     0.0     0.0
  783.3    2064    3.0  0.005919   75.4   -1.0     0.0     0.0
  780.5    2094    2.8  0.005864   69.5   -2.2     0.0     0.0
  777.6    2123    2.6  0.005815   71.3   -2.1     0.0     0.0
  774.7    2153    2.3  0.005715   72.7   -2.1     0.0     0.0
  771.9    2183    2.1  0.005635   71.7   -2.5     0.0     0.0
  769.1    2213    2.0  0.005648   66.4   -3.6     0.0     0.0
  766.2    2243    1.8  0.005563   69.9   -3.1     0.0     0.0
  763.4    2272    1.6  0.005516   70.3   -3.2     0.0     0.0
  760.6    2302    1.3  0.005425   70.7   -3.4     0.0     0.0
  757.8    2332    1.0  0.005336   71.5   -3.5     0.0     0.0
  755.0    2362    0.8  0.005274   71.4   -3.7     0.0     0.0
  752.2    2391    0.6  0.005208   72.2   -3.8     0.0     0.0
  749.4    2421    0.3  0.005109   73.1   -4.0     0.0     0.0
  746.6    2451    0.1  0.005045   72.6   -4.3     0.0     0.0
  743.9    2481   -0.2  0.004962   75.2   -4.1     0.0     0.0
  741.1    2510   -0.5  0.004883   75.3   -4.3     0.0     0.0
  738.4    2540   -0.8  0.004807   77.2   -4.3     0.0     0.0
  735.6    2570   -1.0  0.004731   74.3   -5.0     0.0     0.0
  732.9    2600   -1.3  0.004654   77.3   -4.8     0.0     0.0
  730.1    2629   -1.6  0.004584   75.9   -5.3     0.0     0.0
  727.4    2659   -1.9  0.004493   78.4   -5.1     0.0     0.0
  724.7    2689   -2.1  0.004426   78.9   -5.3     0.0     0.0
  722.0    2719   -2.4  0.004360   81.3   -5.1     0.0     0.0
  719.3    2748   -2.7  0.004271   82.8   -5.2     0.0     0.0
  716.6    2778   -3.0  0.004199   83.1   -5.5     0.0     0.0
  713.9    2808   -3.3  0.004132   86.1   -5.3     0.0     0.0
  711.2    2838   -3.6  0.004052   86.8   -5.5     0.0     0.0
  708.6    2867   -3.9  0.003979   92.1   -5.0     0.0     0.0
  705.9    2897   -4.2  0.003906   88.1   -5.8     0.0     0.0
  703.2    2927   -3.7  0.004069   52.2   -12.1     0.0     0.0
  700.6    2957   -3.1  0.004273   43.1   -13.9     0.0     0.0
  698.0    2986   -3.2  0.004260   44.5   -13.5     0.0     0.0
  695.3    3016   -3.1  0.004291   35.7   -16.2     0.0     0.0
  692.7    3046   -3.3  0.004251   33.1   -17.2     0.0     0.0
  690.1    3076   -3.5  0.004194   32.7   -17.6     0.0     0.0
  687.5    3105   -3.8  0.004126   33.5   -17.5     0.0     0.0
  684.9    3135   -4.0  0.004072   32.4   -18.1     0.0     0.0
  682.4    3165   -4.3  0.004014   30.5   -19.1     0.0     0.0
  679.8    3195   -4.5  0.003943   31.2   -19.1     0.0     0.0
  677.2    3224   -4.6  0.003946   26.9   -20.8     0.0     0.0
  674.7    3254   -4.7  0.003926   22.8   -22.8     0.0     0.0
  672.1    3284   -4.9  0.003890   23.5   -22.6     0.0     0.0
  669.6    3314   -5.0  0.003879   24.4   -22.3     0.0     0.0
  667.0    3344   -5.2  0.003825   31.2   -19.7     0.0     0.0
  664.5    3373   -5.5  0.003749   47.0   -15.0     0.0     0.0
  662.0    3403   -5.8  0.003684   44.5   -16.0     0.0     0.0
  659.5    3433   -6.2  0.003592   45.2   -16.1     0.0     0.0
  657.0    3463   -6.4  0.003540   46.0   -16.2     0.0     0.0
  654.5    3492   -6.2  0.003602   46.7   -15.8     0.0     0.0
  652.0    3522   -6.0  0.003686   47.5   -15.4     0.0     0.0
  649.5    3552   -5.1  0.003946   48.2   -14.4     0.0     0.0
  647.1    3582   -4.3  0.004204   49.0   -13.5     0.0     0.0
  644.6    3611   -2.8  0.004722   49.7   -11.9     0.0     0.0
  642.2    3641   -2.9  0.004717   51.0   -11.6     0.0     0.0
  639.8    3671   -3.1  0.004675   53.5   -11.2     0.0     0.0
  637.4    3701   -3.3  0.004613   56.0   -10.8     0.0     0.0
  635.0    3730   -3.5  0.004574   57.9   -10.6     0.0     0.0
  632.6    3760   -3.7  0.004527   57.0   -11.0     0.0     0.0
  630.3    3790   -3.8  0.004488   57.7   -10.9     0.0     0.0
  627.9    3820   -4.1  0.004421   58.1   -11.1     0.0     0.0
  625.5    3849   -4.3  0.004379   60.1   -10.9     0.0     0.0
  623.2    3879   -4.4  0.004349   60.1   -11.0     0.0     0.0
  620.8    3909   -4.6  0.004310   61.4   -10.9     0.0     0.0
  618.5    3939   -4.8  0.004255   64.8   -10.4     0.0     0.0
  616.1    3968   -5.0  0.004209   63.4   -10.9     0.0     0.0
  613.8    3998   -5.2  0.004163   66.1   -10.5     0.0     0.0
  611.5    4028   -5.5  0.004091   68.1   -10.4     0.0     0.0
  609.2    4058   -5.8  0.004013   70.2   -10.3     0.0     0.0
  606.9    4087   -6.0  0.003951   70.1   -10.6     0.0     0.0
  604.6    4117   -6.3  0.003883   70.9   -10.7     0.0     0.0
  602.3    4147   -6.6  0.003815   71.7   -10.9     0.0     0.0
  600.0    4177   -6.9  0.003747   72.8   -10.9     0.0     0.0
  597.7    4206   -7.1  0.003683   73.0   -11.2     0.0     0.0
  595.4    4236   -7.4  0.003616   72.6   -11.5     0.0     0.0
  593.1    4266   -7.7  0.003547   74.2   -11.5     0.0     0.0
  590.9    4296   -8.0  0.003489   74.6   -11.7     0.0     0.0
  588.6    4326   -8.3  0.003431   73.8   -12.1     0.0     0.0
  586.4    4355   -8.5  0.003369   75.5   -12.1     0.0     0.0
  584.1    4385   -8.8  0.003313   75.5   -12.4     0.0     0.0
  581.9    4415   -9.0  0.003271   71.8   -13.2     0.0     0.0
  579.6    4445   -9.2  0.003232   69.5   -13.8     0.0     0.0
  577.4    4474   -9.5  0.003184   68.3   -14.2     0.0     0.0
  575.2    4504   -9.6  0.003167   59.2   -16.1     0.0     0.0
  573.0    4534   -9.8  0.003121   60.0   -16.1     0.0     0.0
  570.8    4564   -9.9  0.003124   49.3   -18.5     0.0     0.0
  568.6    4593   -10.0  0.003104   41.8   -20.5     0.0     0.0
  566.4    4623   -10.1  0.003094   38.0   -21.7     0.0     0.0
  564.2    4653   -9.9  0.003140   35.6   -22.3     0.0     0.0
  562.0    4683   -10.2  0.003090   41.5   -20.8     0.0     0.0
  559.9    4712   -10.4  0.003045   42.6   -20.7     0.0     0.0
  557.7    4742   -10.7  0.003002   44.7   -20.4     0.0     0.0
  555.6    4772   -10.8  0.002966   45.7   -20.3     0.0     0.0
  553.4    4802   -11.1  0.002922   48.9   -19.7     0.0     0.0
  551.3    4831   -11.4  0.002869   51.1   -19.5     0.0     0.0
  549.1    4861   -11.6  0.002820   52.5   -19.4     0.0     0.0
  547.0    4891   -11.9  0.002772   51.9   -19.8     0.0     0.0
  544.9    4921   -12.1  0.002738   52.5   -19.8     0.0     0.0
  542.9    4950   -12.2  0.002732   54.2   -19.5     0.0     0.0
  542.9    4980   -12.2  0.002743   54.2   -19.5     0.0     0.0
