165
XX
-----------------------------------------------------------------------------
PRES   HGHT   TEMP   QVIN   RELH  DWPT   USPD  VSPD     MIXR   DRCT   SKNT   THTA   THTE   THTV
    hPa     m      C   kg/kg   %    C     m/s    m/s       g/kg    deg   knot     K      K      K
-----------------------------------------------------------------------------
  1007.9     100   -9.0  0.001891   75.8   -12.5     0.0     0.0
  1004.1     130   -9.3  0.001852   77.4   -12.6     0.0     0.0
  1000.2     160   -9.5  0.001831   78.3   -12.6     0.0     0.0
  996.4     189   -10.0  0.001775   79.5   -12.9     0.0     0.0
  992.5     219   -10.2  0.001745   80.7   -12.9     0.0     0.0
  988.7     249   -10.4  0.001726   81.7   -13.0     0.0     0.0
  984.9     279   -10.6  0.001707   82.8   -13.0     0.0     0.0
  981.1     308   -10.8  0.001683   84.3   -13.0     0.0     0.0
  977.3     338   -11.1  0.001651   85.6   -13.1     0.0     0.0
  973.5     368   -11.4  0.001628   87.7   -13.0     0.0     0.0
  969.7     398   -11.5  0.001621   89.1   -12.9     0.0     0.0
  966.0     427   -11.5  0.001622   91.1   -12.7     0.0     0.0
  962.2     457   -10.9  0.001703   91.8   -12.0     0.0     0.0
  958.5     487   -7.3  0.002277   88.9   -8.8     0.0     0.0
  954.9     517   -5.1  0.002706   87.6   -6.8     0.0     0.0
  951.3     546   -3.4  0.003090   83.3   -5.8     0.0     0.0
  947.7     576   -1.0  0.003691   80.3   -4.0     0.0     0.0
  944.2     606    0.8  0.004209   76.2   -3.0     0.0     0.0
  940.7     636    1.9  0.004592   79.2   -1.3     0.0     0.0
  937.3     665    2.9  0.004928   77.5   -0.7     0.0     0.0
  933.8     695    3.3  0.005100   74.3   -0.8     0.0     0.0
  930.4     725    3.3  0.005140   77.1   -0.3     0.0     0.0
  927.0     755    3.2  0.005100   78.4   -0.2     0.0     0.0
  923.6     784    3.0  0.005057   79.1   -0.3     0.0     0.0
  920.2     814    2.8  0.004985   81.0   -0.2     0.0     0.0
  916.9     844    2.5  0.004919   82.9   -0.1     0.0     0.0
  913.5     874    2.4  0.004880   83.7   -0.1     0.0     0.0
  910.1     903    2.3  0.004863   85.0   -0.0     0.0     0.0
  906.8     933    2.1  0.004841   86.1    0.1     0.0     0.0
  903.5     963    2.1  0.004861   85.9    0.0     0.0     0.0
  900.1     993    2.4  0.004961   83.0   -0.2     0.0     0.0
  896.8    1022    2.5  0.005009   81.2   -0.4     0.0     0.0
  893.5    1052    2.3  0.004979   82.6   -0.3     0.0     0.0
  890.3    1082    2.4  0.005032   83.5   -0.1     0.0     0.0
  887.0    1112    2.4  0.005046   83.2   -0.1     0.0     0.0
  883.7    1141    2.2  0.005003   84.3   -0.1     0.0     0.0
  880.5    1171    2.3  0.005051   83.6   -0.2     0.0     0.0
  877.2    1201    2.3  0.005052   84.3   -0.1     0.0     0.0
  874.0    1231    2.2  0.005057   86.9    0.3     0.0     0.0
  870.8    1261    2.3  0.005088   90.5    0.9     0.0     0.0
  867.6    1290    2.1  0.005062   93.8    1.2     0.0     0.0
  864.4    1320    3.0  0.005407   96.7    2.5     0.0     0.0
  861.3    1350    3.6  0.005660   95.1    2.9     0.0     0.0
  858.1    1380    3.5  0.005625   95.0    2.8     0.0     0.0
  855.0    1409    3.3  0.005579   94.2    2.5     0.0     0.0
  851.8    1439    3.2  0.005540   93.2    2.2     0.0     0.0
  848.7    1469    3.0  0.005501   90.8    1.6     0.0     0.0
  845.6    1499    2.9  0.005484   90.8    1.6     0.0     0.0
  842.5    1528    2.8  0.005449   90.9    1.4     0.0     0.0
  839.4    1558    2.5  0.005375   91.0    1.2     0.0     0.0
  836.3    1588    2.3  0.005306   88.7    0.6     0.0     0.0
  833.3    1618    2.0  0.005236   85.0   -0.2     0.0     0.0
  830.2    1647    1.8  0.005149   84.3   -0.6     0.0     0.0
  827.2    1677    1.5  0.005078   84.3   -0.8     0.0     0.0
  824.1    1707    1.3  0.005006   85.2   -0.9     0.0     0.0
  821.1    1737    1.0  0.004925   86.0   -1.1     0.0     0.0
  818.0    1766    0.8  0.004883   88.1   -0.9     0.0     0.0
  815.0    1796    0.7  0.004842   89.4   -0.9     0.0     0.0
  812.0    1826    0.6  0.004831   90.7   -0.8     0.0     0.0
  809.0    1856    0.4  0.004794   90.8   -0.9     0.0     0.0
  806.0    1885    0.3  0.004757   91.7   -0.9     0.0     0.0
  803.0    1915    0.1  0.004712   91.9   -1.1     0.0     0.0
  800.0    1945   -0.1  0.004669   91.9   -1.3     0.0     0.0
  797.1    1975   -0.3  0.004630   92.1   -1.4     0.0     0.0
  794.1    2004   -0.4  0.004605   93.1   -1.4     0.0     0.0
  791.2    2034   -0.6  0.004564   93.4   -1.5     0.0     0.0
  788.2    2064   -0.8  0.004508   94.8   -1.5     0.0     0.0
  785.3    2094   -1.0  0.004459   94.8   -1.7     0.0     0.0
  782.4    2123   -1.1  0.004448   95.4   -1.7     0.0     0.0
  779.5    2153   -1.2  0.004423   94.8   -1.9     0.0     0.0
  776.6    2183   -1.3  0.004395   95.4   -2.0     0.0     0.0
  773.7    2213   -1.5  0.004364   94.9   -2.2     0.0     0.0
  770.8    2243   -1.6  0.004335   96.2   -2.2     0.0     0.0
  767.9    2272   -1.7  0.004316   95.6   -2.4     0.0     0.0
  765.0    2302   -1.9  0.004277   95.6   -2.5     0.0     0.0
  762.2    2332   -2.0  0.004267   95.1   -2.7     0.0     0.0
  759.3    2362   -2.0  0.004270   94.0   -2.9     0.0     0.0
  756.5    2391   -2.0  0.004310   92.9   -2.9     0.0     0.0
  753.7    2421   -2.1  0.004281   92.9   -3.1     0.0     0.0
  750.9    2451   -2.2  0.004270   92.4   -3.3     0.0     0.0
  748.1    2481   -2.1  0.004311   92.2   -3.2     0.0     0.0
  745.3    2510   -2.2  0.004292   92.1   -3.3     0.0     0.0
  742.5    2540   -2.5  0.004216   88.8   -4.1     0.0     0.0
  739.7    2570   -2.6  0.004204   90.6   -3.9     0.0     0.0
  736.9    2600   -2.9  0.004137   89.2   -4.4     0.0     0.0
  734.2    2629   -3.0  0.004118   89.1   -4.5     0.0     0.0
  731.4    2659   -3.0  0.004118   88.9   -4.6     0.0     0.0
  728.7    2689   -3.2  0.004084   88.5   -4.8     0.0     0.0
  726.0    2719   -3.4  0.004050   87.8   -5.1     0.0     0.0
  723.2    2748   -3.5  0.004025   87.6   -5.2     0.0     0.0
  720.5    2778   -3.7  0.003981   88.0   -5.4     0.0     0.0
  717.8    2808   -3.9  0.003936   87.6   -5.6     0.0     0.0
  715.1    2838   -4.0  0.003912   87.5   -5.8     0.0     0.0
  712.4    2867   -4.2  0.003888   88.4   -5.8     0.0     0.0
  709.7    2897   -4.3  0.003871   89.3   -5.8     0.0     0.0
  707.0    2927   -4.4  0.003853   88.5   -6.0     0.0     0.0
  704.4    2957   -4.5  0.003828   88.3   -6.2     0.0     0.0
  701.7    2986   -4.7  0.003787   88.8   -6.3     0.0     0.0
  699.1    3016   -4.9  0.003733   89.7   -6.4     0.0     0.0
  696.4    3046   -5.1  0.003700   90.1   -6.5     0.0     0.0
  693.8    3076   -5.3  0.003664   89.1   -6.8     0.0     0.0
  691.2    3105   -5.5  0.003619   90.0   -6.9     0.0     0.0
  688.6    3135   -5.7  0.003579   90.2   -7.0     0.0     0.0
  686.0    3165   -5.9  0.003548   88.7   -7.4     0.0     0.0
  683.4    3195   -6.0  0.003531   89.1   -7.5     0.0     0.0
  680.8    3224   -6.1  0.003502   89.2   -7.6     0.0     0.0
  678.2    3254   -6.3  0.003466   89.2   -7.8     0.0     0.0
  675.6    3284   -6.5  0.003434   87.9   -8.2     0.0     0.0
  673.0    3314   -6.7  0.003396   87.9   -8.4     0.0     0.0
  670.5    3344   -6.8  0.003366   87.3   -8.6     0.0     0.0
  667.9    3373   -7.0  0.003336   87.5   -8.7     0.0     0.0
  665.4    3403   -7.2  0.003310   88.0   -8.8     0.0     0.0
  662.9    3433   -7.4  0.003274   88.4   -8.9     0.0     0.0
  660.3    3463   -7.5  0.003245   87.4   -9.3     0.0     0.0
  657.8    3492   -7.7  0.003210   86.7   -9.5     0.0     0.0
  655.3    3522   -7.9  0.003176   87.2   -9.7     0.0     0.0
  652.8    3552   -8.1  0.003136   88.0   -9.7     0.0     0.0
  650.3    3582   -8.3  0.003099   87.9   -10.0     0.0     0.0
  647.8    3611   -8.5  0.003063   88.0   -10.1     0.0     0.0
  645.3    3641   -8.7  0.003035   87.2   -10.4     0.0     0.0
  642.9    3671   -8.8  0.003012   87.2   -10.6     0.0     0.0
  640.4    3701   -8.8  0.003018   87.0   -10.6     0.0     0.0
  637.9    3730   -9.0  0.002995   87.9   -10.6     0.0     0.0
  635.5    3760   -9.1  0.002978   87.8   -10.8     0.0     0.0
  633.1    3790   -9.3  0.002955   88.1   -10.9     0.0     0.0
  630.6    3820   -9.3  0.002960   88.0   -10.9     0.0     0.0
  628.2    3849   -9.3  0.002971   86.9   -11.1     0.0     0.0
  625.8    3879   -9.4  0.002951   87.4   -11.1     0.0     0.0
  623.4    3909   -9.5  0.002933   88.9   -11.0     0.0     0.0
  621.0    3939   -9.6  0.002921   88.7   -11.2     0.0     0.0
  618.6    3968   -9.7  0.002916   88.4   -11.3     0.0     0.0
  616.2    3998   -9.9  0.002890   88.0   -11.5     0.0     0.0
  613.8    4028   -10.0  0.002878   88.2   -11.6     0.0     0.0
  611.5    4058   -10.2  0.002845   88.0   -11.8     0.0     0.0
  609.1    4087   -10.3  0.002840   85.5   -12.2     0.0     0.0
  606.8    4117   -10.4  0.002811   86.3   -12.3     0.0     0.0
  604.4    4147   -10.6  0.002780   86.3   -12.5     0.0     0.0
  602.1    4177   -10.8  0.002745   85.6   -12.8     0.0     0.0
  599.8    4206   -11.0  0.002721   85.7   -12.9     0.0     0.0
  597.5    4236   -11.1  0.002703   85.5   -13.1     0.0     0.0
  595.2    4266   -11.2  0.002701   85.3   -13.2     0.0     0.0
  592.9    4296   -11.4  0.002663   85.8   -13.3     0.0     0.0
  590.6    4326   -11.5  0.002650   85.4   -13.5     0.0     0.0
  588.3    4355   -11.7  0.002625   85.5   -13.6     0.0     0.0
  586.0    4385   -11.8  0.002618   85.4   -13.7     0.0     0.0
  583.7    4415   -11.9  0.002600   85.0   -13.9     0.0     0.0
  581.4    4445   -12.1  0.002576   85.2   -14.0     0.0     0.0
  579.2    4474   -12.2  0.002556   85.5   -14.1     0.0     0.0
  576.9    4504   -12.4  0.002535   85.4   -14.3     0.0     0.0
  576.4    4534   -12.4  0.002530   84.6   -14.4     0.0     0.0
  576.4    4564   -12.4  0.002530   84.6   -14.4     0.0     0.0
  576.4    4593   -12.4  0.002530   84.6   -14.4     0.0     0.0
  576.4    4623   -12.4  0.002530   84.6   -14.4     0.0     0.0
  576.4    4653   -12.4  0.002530   84.6   -14.4     0.0     0.0
  576.4    4683   -12.4  0.002530   84.6   -14.4     0.0     0.0
  576.4    4712   -12.4  0.002530   84.6   -14.4     0.0     0.0
  576.4    4742   -12.4  0.002530   84.6   -14.4     0.0     0.0
  576.4    4772   -12.4  0.002530   84.6   -14.4     0.0     0.0
  576.4    4802   -12.4  0.002530   84.6   -14.4     0.0     0.0
  576.4    4831   -12.4  0.002530   84.6   -14.4     0.0     0.0
  576.4    4861   -12.4  0.002530   84.6   -14.4     0.0     0.0
  576.4    4891   -12.4  0.002530   84.6   -14.4     0.0     0.0
  576.4    4921   -12.4  0.002530   84.6   -14.4     0.0     0.0
  576.4    4950   -12.4  0.002530   84.6   -14.4     0.0     0.0
  576.4    4980   -12.4  0.002530   84.6   -14.4     0.0     0.0
